27.6275 28.5123 28.4734 13.0888 164.883 
52.7132 54.4581 54.3956 39.0136 170.875 
55.5127 57.3963 57.3162 41.9244 171.223 
57.6685 59.6541 59.5626 44.1789 171.425 
59.3097 61.3754 61.296 45.9111 171.563 
60.5637 62.6709 62.6444 47.229 171.695 
61.358 63.4668 63.4649 47.9881 171.33 
61.1805 63.2381 63.2687 47.7332 171.314 
60.6235 62.6498 62.6836 47.0834 171.231 
59.7156 61.7214 61.7408 46.06 171.092 
58.4878 60.4194 60.4511 44.7139 170.935 
56.9165 58.7139 58.7762 43.0294 170.731 
54.9785 56.6474 56.692 40.9384 170.482 
52.5181 54.0695 54.1065 38.3151 170.088 
49.4151 50.863 50.8779 35.0334 169.483 
45.5651 46.9022 46.8928 30.9899 168.576 
40.9419 42.1459 42.1479 26.1557 167.577 
35.4698 36.5267 36.5289 20.4625 166.472 
28.6921 29.5423 29.5488 13.3763 165.305 
