4805
291.96,310.752,0,1
291.202,310.752,0,1
291.204,310.752,0,1
291.96,310.752,0,1
291.202,310.752,0,1
291.204,310.752,0,1
290.556,310.752,0,1
290.556,310.752,0,1
289.044,310.752,0,1
289.044,310.752,0,1
288.936,310.752,0,1
288.936,310.752,0,1
288.828,310.752,0,1
288.828,310.752,0,1
293.04,310.752,0,1
293.04,310.752,0,1
287.316,310.752,0,1
287.316,310.752,0,1
293.58,310.752,0,1
293.58,310.752,0,1
286.668,310.752,0,1
286.67,310.752,0,1
286.668,310.752,0,1
286.67,310.752,0,1
285.912,310.752,0,1
296.604,309.024,0,1
297.684,309.024,0,1
296.172,309.024,0,1
296.604,309.024,0,1
296.172,309.024,0,1
295.848,309.024,0,1
298.116,309.024,0,1
295.848,309.024,0,1
297.684,309.024,0,1
298.116,309.024,0,1
295.092,309.024,0,1
295.092,309.024,0,1
285.912,310.752,0,1
294.66,309.024,0,1
300.816,309.024,0,1
294.66,309.024,0,1
298.98,309.024,0,1
298.98,309.024,0,1
300.924,309.024,0,1
299.628,309.024,0,1
299.628,309.024,0,1
300.06,309.024,0,1
300.058,309.024,0,1
300.06,309.024,0,1
300.058,309.024,0,1
295.092,310.752,0,1
295.092,310.752,0,1
285.048,310.752,0,1
292.934,309.024,0,1
292.934,309.024,0,1
292.392,309.024,0,1
292.392,309.024,0,1
291.854,309.024,0,1
291.744,309.024,0,1
291.854,309.024,0,1
291.744,309.024,0,1
291.528,309.024,0,1
285.048,310.752,0,1
300.816,309.024,0,1
295.848,310.752,0,1
295.848,310.752,0,1
291.528,309.024,0,1
300.924,309.024,0,1
296.064,312.48,0,1
297.036,310.752,0,1
296.064,312.48,0,1
295.632,312.48,0,1
297.144,310.752,0,1
295.632,312.48,0,1
296.496,312.48,0,1
296.496,312.48,0,1
297.036,310.752,0,1
296.712,312.48,0,1
296.712,312.48,0,1
295.2,312.48,0,1
284.832,310.752,0,1
295.2,312.48,0,1
297.144,310.752,0,1
284.832,310.752,0,1
296.822,312.48,0,1
296.822,312.48,0,1
294.984,312.48,0,1
294.984,312.48,0,1
294.768,312.48,0,1
294.768,312.48,0,1
297.36,312.48,0,1
297.36,312.48,0,1
297.792,312.48,0,1
297.792,312.48,0,1
293.798,312.48,0,1
293.798,312.48,0,1
293.688,312.48,0,1
293.688,312.48,0,1
293.472,312.48,0,1
293.472,312.48,0,1
293.04,312.48,0,1
290.448,309.024,0,1
290.448,309.024,0,1
293.04,312.48,0,1
298.224,312.48,0,1
298.224,312.48,0,1
297.9,310.752,0,1
297.902,310.752,0,1
297.902,310.752,0,1
297.9,310.752,0,1
298.44,312.48,0,1
292.608,312.48,0,1
298.44,312.48,0,1
292.608,312.48,0,1
298.55,312.48,0,1
298.55,312.48,0,1
292.07,312.48,0,1
292.07,312.48,0,1
291.96,312.48,0,1
291.96,312.48,0,1
299.52,312.48,0,1
299.52,312.48,0,1
302.112,309.024,0,1
291.312,312.48,0,1
299.628,312.48,0,1
299.628,312.48,0,1
291.312,312.48,0,1
298.872,310.752,0,1
298.872,310.752,0,1
291.096,312.48,0,1
299.952,312.48,0,1
299.952,312.48,0,1
291.096,312.48,0,1
302.112,309.024,0,1
299.302,310.752,0,1
299.302,310.752,0,1
300.384,312.48,0,1
300.384,312.48,0,1
290.664,312.48,0,1
300.6,312.48,0,1
290.664,312.48,0,1
300.6,312.48,0,1
288.612,309.024,0,1
288.612,309.024,0,1
300.816,312.48,0,1
300.816,312.48,0,1
300.924,312.48,0,1
300.924,312.48,0,1
299.844,310.752,0,1
299.844,310.752,0,1
290.232,312.48,0,1
290.232,312.48,0,1
301.248,312.48,0,1
301.248,312.48,0,1
289.908,312.48,0,1
289.908,312.48,0,1
300.49,310.752,0,1
300.49,310.752,0,1
289.8,312.48,0,1
289.8,312.48,0,1
300.6,310.752,0,1
287.748,309.024,0,1
287.748,309.024,0,1
300.6,310.752,0,1
302.112,312.48,0,1
302.112,312.48,0,1
287.534,309.024,0,1
287.534,309.024,0,1
289.368,312.48,0,1
295.848,307.296,0,1
289.368,312.48,0,1
302.436,312.48,0,1
302.436,312.48,0,1
295.738,307.296,0,1
295.848,307.296,0,1
295.738,307.296,0,1
287.208,309.024,0,1
287.208,309.024,0,1
295.092,307.296,0,1
295.092,307.296,0,1
289.152,312.48,0,1
289.152,312.48,0,1
294.876,307.296,0,1
294.876,307.296,0,1
297.036,307.296,0,1
297.036,307.296,0,1
303.192,309.024,0,1
303.192,309.024,0,1
294.55,307.296,0,1
294.55,307.296,0,1
298.008,307.296,0,1
288.936,312.48,0,1
288.936,312.48,0,1
302.976,312.48,0,1
302.976,312.48,0,1
298.008,307.296,0,1
286.776,309.024,0,1
286.776,309.024,0,1
298.334,307.296,0,1
303.192,312.48,0,1
303.192,312.48,0,1
298.334,307.296,0,1
293.148,307.296,0,1
293.148,307.296,0,1
303.298,312.48,0,1
303.298,312.48,0,1
286.56,309.024,0,1
286.56,309.024,0,1
292.284,307.296,0,1
288.504,312.48,0,1
288.504,312.48,0,1
292.284,307.296,0,1
298.872,307.296,0,1
298.872,307.296,0,1
301.68,310.752,0,1
301.68,310.752,0,1
288.396,312.48,0,1
288.396,312.48,0,1
291.744,307.296,0,1
291.744,307.296,0,1
301.788,310.752,0,1
301.788,310.752,0,1
303.624,309.024,0,1
291.634,307.296,0,1
303.624,309.024,0,1
291.634,307.296,0,1
304.056,312.48,0,1
304.056,312.48,0,1
288.072,312.48,0,1
288.072,312.48,0,1
287.964,312.48,0,1
287.964,312.48,0,1
304.272,312.48,0,1
304.272,312.48,0,1
290.988,307.296,0,1
290.988,307.296,0,1
300.06,307.296,0,1
300.062,307.296,0,1
300.062,307.296,0,1
300.06,307.296,0,1
287.64,312.48,0,1
287.64,312.48,0,1
290.664,307.296,0,1
290.664,307.296,0,1
300.6,307.296,0,1
300.6,307.296,0,1
290.446,307.296,0,1
290.446,307.296,0,1
304.704,312.48,0,1
304.704,312.48,0,1
285.802,309.024,0,1
285.804,309.024,0,1
285.802,309.024,0,1
285.804,309.024,0,1
304.81,312.48,0,1
304.81,312.48,0,1
287.208,312.48,0,1
287.208,312.48,0,1
301.356,307.296,0,1
301.356,307.296,0,1
286.776,312.48,0,1
286.776,312.48,0,1
289.044,307.296,0,1
305.568,312.48,0,1
289.044,307.296,0,1
305.568,312.48,0,1
293.256,305.568,0,1
292.608,305.568,0,1
301.898,307.296,0,1
293.256,305.568,0,1
301.898,307.296,0,1
292.608,305.568,0,1
293.472,305.568,0,1
293.472,305.568,0,1
292.392,305.568,0,1
292.392,305.568,0,1
288.612,307.296,0,1
305.784,312.48,0,1
288.612,307.296,0,1
305.784,312.48,0,1
285.048,309.024,0,1
285.048,309.024,0,1
291.312,314.208,0,1
303.732,310.752,0,1
291.744,305.568,0,1
303.732,310.752,0,1
291.744,305.568,0,1
291.312,314.208,0,1
291.744,314.208,0,1
274.896,314.208,0,1
291.744,314.208,0,1
291.96,314.208,0,1
291.96,314.208,0,1
302.436,307.296,0,1
292.07,314.208,0,1
302.436,307.296,0,1
292.07,314.208,0,1
274.032,314.208,0,1
274.896,314.208,0,1
282.24,310.694,0,1
282.24,310.566,0,1
282.24,310.81,0,1
285.806,312.48,0,1
282.24,310.752,0,1
288.072,307.296,0,1
285.806,312.48,0,1
288.072,307.296,0,1
282.24,310.938,0,1
274.032,314.208,0,1
271.656,314.208,0,1
271.764,314.208,0,1
284.832,309.024,0,1
284.832,309.024,0,1
272.412,314.208,0,1
272.414,314.208,0,1
272.412,314.208,0,1
272.414,314.208,0,1
285.696,312.48,0,1
285.696,312.48,0,1
271.764,314.208,0,1
271.656,314.208,0,1
290.554,314.208,0,1
290.556,314.208,0,1
290.556,314.208,0,1
290.554,314.208,0,1
292.824,314.208,0,1
292.824,314.208,0,1
275.654,314.208,0,1
275.652,314.208,0,1
275.652,314.208,0,1
275.654,314.208,0,1
293.04,314.208,0,1
293.04,314.208,0,1
295.524,305.568,0,1
295.524,305.568,0,1
302.76,307.296,0,1
306.216,312.48,0,1
306.216,312.48,0,1
295.632,305.568,0,1
295.632,305.568,0,1
302.76,307.296,0,1
285.48,312.48,0,1
285.48,312.48,0,1
305.244,309.024,0,1
276.408,314.208,0,1
290.124,305.568,0,1
293.904,314.208,0,1
293.904,314.208,0,1
290.124,305.568,0,1
276.408,314.208,0,1
294.12,314.208,0,1
294.12,314.208,0,1
305.244,309.024,0,1
296.388,305.568,0,1
282.024,310.752,0,1
296.388,305.568,0,1
284.508,309.024,0,1
284.508,309.024,0,1
281.592,310.752,0,1
294.552,314.208,0,1
294.552,314.208,0,1
304.38,310.752,0,1
304.38,310.752,0,1
287.1,307.296,0,1
303.086,307.296,0,1
303.086,307.296,0,1
285.048,312.48,0,1
294.984,314.208,0,1
289.476,314.208,0,1
270.252,314.208,0,1
289.476,314.208,0,1
294.984,314.208,0,1
287.1,307.296,0,1
289.476,305.568,0,1
289.476,305.568,0,1
281.376,310.752,0,1
276.84,314.208,0,1
276.84,314.208,0,1
295.2,314.208,0,1
295.2,314.208,0,1
285.048,312.48,0,1
270.252,314.208,0,1
295.306,314.208,0,1
295.306,314.208,0,1
281.268,310.752,0,1
306.648,312.48,0,1
306.648,312.48,0,1
277.056,314.208,0,1
277.056,314.208,0,1
296.064,314.208,0,1
305.568,309.024,0,1
288.936,305.568,0,1
288.936,305.568,0,1
277.166,314.208,0,1
277.166,314.208,0,1
284.832,312.48,0,1
296.064,314.208,0,1
281.376,310.752,0,1
296.172,314.208,0,1
280.944,310.752,0,1
281.592,310.752,0,1
281.268,310.752,0,1
284.832,312.48,0,1
296.172,314.208,0,1
305.568,309.024,0,1
296.28,314.208,0,1
288.612,305.568,0,1
280.944,310.752,0,1
288.612,305.568,0,1
296.28,314.208,0,1
304.92,310.752,0,1
288.288,314.208,0,1
304.92,310.938,0,1
304.92,310.81,0,1
288.288,314.208,0,1
269.172,314.208,0,1
269.172,314.208,0,1
303.624,307.296,0,1
298.44,305.568,0,1
303.624,307.296,0,1
298.44,305.568,0,1
305.028,310.752,0,1
284.616,312.48,0,1
288.072,314.208,0,1
268.74,314.208,0,1
288.072,314.208,0,1
296.712,314.208,0,1
284.616,312.48,0,1
296.712,314.208,0,1
307.08,312.48,0,1
268.524,314.208,0,1
280.08,310.752,0,1
307.08,312.48,0,1
283.86,309.024,0,1
280.08,310.752,0,1
285.912,307.296,0,1
268.74,314.208,0,1
307.188,312.48,0,1
283.86,309.024,0,1
285.912,307.296,0,1
278.136,314.208,0,1
278.136,314.208,0,1
297.144,314.208,0,1
307.188,312.48,0,1
297.144,314.208,0,1
282.024,310.752,0,1
299.52,305.568,0,1
268.524,314.208,0,1
279.648,310.752,0,1
279.648,310.752,0,1
299.52,305.568,0,1
287.21,314.208,0,1
285.694,307.296,0,1
287.21,314.208,0,1
283.644,309.024,0,1
285.694,307.296,0,1
279.432,310.752,0,1
299.736,305.568,0,1
279.432,310.752,0,1
267.228,314.208,0,1
285.588,307.296,0,1
299.736,305.568,0,1
278.568,314.208,0,1
267.12,314.208,0,1
285.588,307.296,0,1
278.568,314.208,0,1
310.968,312.48,0,1
297.576,314.208,0,1
279.216,310.752,0,1
297.576,314.208,0,1
305.568,310.752,0,1
279.216,310.752,0,1
307.512,312.48,0,1
283.644,309.024,0,1
286.776,314.208,0,1
286.776,314.208,0,1
299.846,305.568,0,1
305.568,310.752,0,1
299.846,305.568,0,1
283.428,309.024,0,1
297.9,314.208,0,1
297.9,314.208,0,1
278.784,310.752,0,1
286.344,305.568,0,1
310.968,312.48,0,1
278.784,310.752,0,1
279,314.208,0,1
307.512,312.48,0,1
310.536,312.48,0,1
279,314.208,0,1
298.008,314.208,0,1
298.008,314.208,0,1
286.238,314.208,0,1
284.074,312.48,0,1
284.074,312.48,0,1
286.238,314.208,0,1
285.264,307.296,0,1
285.264,307.296,0,1
286.344,305.568,0,1
310.536,312.48,0,1
283.212,309.024,0,1
283.428,309.024,0,1
278.352,310.752,0,1
285.912,314.208,0,1
278.352,310.752,0,1
285.912,314.208,0,1
283.968,312.48,0,1
283.968,312.48,0,1
310.104,312.48,0,1
310.104,312.48,0,1
278.136,310.752,0,1
279.432,314.208,0,1
305.894,310.752,0,1
279.432,314.208,0,1
305.894,310.752,0,1
298.44,314.208,0,1
298.44,314.208,0,1
278.136,310.752,0,1
300.384,305.568,0,1
300.384,305.568,0,1
306.324,309.024,0,1
306.326,309.024,0,1
279.648,314.208,0,1
308.16,312.422,0,1
308.16,312.538,0,1
308.16,312.294,0,1
308.16,312.666,0,1
308.16,312.48,0,1
267.228,314.208,0,1
306.324,309.024,0,1
306.326,309.024,0,1
309.672,312.48,0,1
309.672,312.48,0,1
279.648,314.208,0,1
267.12,314.208,0,1
304.814,307.296,0,1
283.212,309.024,0,1
304.812,307.296,0,1
304.814,307.296,0,1
304.812,307.296,0,1
285.694,305.568,0,1
283.752,312.48,0,1
285.696,305.568,0,1
283.752,312.48,0,1
285.696,305.568,0,1
282.24,310.752,0,1
285.694,305.568,0,1
298.872,314.208,0,1
309.24,312.48,0,1
309.24,312.48,0,1
298.872,314.208,0,1
282.24,308.838,0,1
282.24,308.966,0,1
282.24,309.21,0,1
282.24,309.082,0,1
282.24,309.024,0,1
309.132,312.48,0,1
277.704,310.752,0,1
277.702,310.752,0,1
284.722,307.296,0,1
309.132,312.48,0,1
284.722,307.296,0,1
277.704,310.752,0,1
277.702,310.752,0,1
285.48,305.568,0,1
299.088,314.208,0,1
299.088,314.208,0,1
311.4,312.48,0,1
285.48,305.568,0,1
308.808,312.48,0,1
308.808,312.48,0,1
285.156,314.208,0,1
311.4,312.48,0,1
285.156,314.208,0,1
308.592,312.48,0,1
299.304,314.208,0,1
299.304,314.208,0,1
308.592,312.48,0,1
300.926,305.568,0,1
300.926,305.568,0,1
299.52,314.208,0,1
299.52,314.208,0,1
280.296,314.208,0,1
306.432,310.752,0,1
280.296,314.208,0,1
306.432,310.752,0,1
279.648,309.024,0,1
305.352,307.296,0,1
299.736,314.208,0,1
299.736,314.208,0,1
279.648,309.024,0,1
279.538,309.024,0,1
305.352,307.296,0,1
280.406,314.208,0,1
280.406,314.208,0,1
279.538,309.024,0,1
306.54,310.752,0,1
306.54,310.752,0,1
299.844,314.208,0,1
299.844,314.208,0,1
308.16,312.48,0,1
280.836,309.024,0,1
306.756,309.024,0,1
306.756,309.024,0,1
280.836,309.024,0,1
291.96,317.664,0,1
292.178,317.664,0,1
300.168,314.208,0,1
300.168,314.208,0,1
291.96,317.664,0,1
292.178,317.664,0,1
284.4,314.208,0,1
292.392,317.664,0,1
284.4,314.208,0,1
279,309.024,0,1
282.42,310.752,0,1
292.392,317.664,0,1
279,309.024,0,1
291.096,303.84,0,1
290.988,303.84,0,1
292.716,317.664,0,1
292.716,317.664,0,1
291.312,303.84,0,1
291.096,303.84,0,1
290.988,303.84,0,1
291.312,303.84,0,1
308.34,312.48,0,1
301.572,305.568,0,1
301.572,305.568,0,1
291.744,303.84,0,1
293.366,317.664,0,1
293.366,317.664,0,1
291.744,303.84,0,1
311.832,312.48,0,1
283.752,307.296,0,1
276.84,310.752,0,1
292.176,303.84,0,1
276.84,310.752,0,1
292.176,303.84,0,1
290.664,317.664,0,1
290.664,317.664,0,1
306.866,310.752,0,1
280.944,314.208,0,1
293.904,317.664,0,1
311.832,312.48,0,1
283.752,307.296,0,1
293.904,317.664,0,1
290.338,303.84,0,1
292.392,303.84,0,1
290.338,303.84,0,1
292.392,303.84,0,1
283.644,307.296,0,1
306.866,310.752,0,1
290.232,303.84,0,1
280.944,314.208,0,1
292.608,303.84,0,1
292.608,303.84,0,1
300.6,314.208,0,1
290.232,303.84,0,1
300.6,314.208,0,1
284.616,305.568,0,1
284.614,305.568,0,1
284.616,305.568,0,1
284.614,305.568,0,1
278.458,309.024,0,1
278.458,309.024,0,1
290.016,303.84,0,1
290.016,303.84,0,1
293.04,303.84,0,1
293.04,303.84,0,1
282.888,312.48,0,1
293.472,303.84,0,1
293.472,303.84,0,1
300.816,314.208,0,1
283.644,307.296,0,1
293.904,303.84,0,1
295.092,317.664,0,1
300.816,314.208,0,1
283.428,314.208,0,1
289.476,303.84,0,1
289.476,303.84,0,1
295.2,317.664,0,1
293.904,303.84,0,1
281.16,314.208,0,1
295.2,317.664,0,1
294.12,303.84,0,1
295.2,317.478,0,1
295.2,317.606,0,1
276.622,310.752,0,1
276.622,310.752,0,1
305.892,307.296,0,1
281.16,314.208,0,1
294.12,303.84,0,1
305.892,307.296,0,1
289.152,317.664,0,1
289.152,303.84,0,1
289.152,303.84,0,1
289.152,317.664,0,1
282.888,312.48,0,1
289.042,317.664,0,1
288.936,303.84,0,1
301.032,314.208,0,1
301.032,314.208,0,1
288.936,303.84,0,1
289.042,317.664,0,1
296.28,317.664,0,1
294.444,303.84,0,1
294.444,303.84,0,1
296.28,317.664,0,1
281.376,314.208,0,1
277.812,309.024,0,1
277.812,309.024,0,1
282.672,312.48,0,1
296.712,317.664,0,1
296.712,317.664,0,1
281.376,314.208,0,1
288.072,303.84,0,1
288.072,303.84,0,1
282.24,312.538,0,1
282.24,312.666,0,1
282.24,312.48,0,1
282.24,312.422,0,1
282.24,312.294,0,1
306.108,307.296,0,1
279.648,312.48,0,1
306.108,307.296,0,1
297.038,317.664,0,1
301.464,314.208,0,1
294.984,303.84,0,1
301.464,314.208,0,1
294.984,303.84,0,1
287.64,303.84,0,1
287.64,303.84,0,1
279.648,312.48,0,1
296.28,321.12,0,1
297.038,317.664,0,1
296.28,321.12,0,1
293.904,302.112,0,1
288.396,317.664,0,1
288.396,317.664,0,1
287.426,303.84,0,1
280.406,312.48,0,1
280.404,312.48,0,1
287.426,303.84,0,1
280.406,312.48,0,1
280.404,312.48,0,1
293.904,302.112,0,1
293.688,302.112,0,1
282.672,312.48,0,1
293.688,302.112,0,1
281.052,312.48,0,1
282.24,314.208,0,1
282.24,314.266,0,1
282.24,314.394,0,1
282.24,314.022,0,1
282.24,314.15,0,1
294.552,302.112,0,1
281.484,312.48,0,1
307.404,310.752,0,1
281.052,312.48,0,1
278.784,312.48,0,1
278.784,312.48,0,1
299.088,322.848,0,1
294.552,302.112,0,1
312.264,312.48,0,1
282.42,310.752,0,1
298.978,322.848,0,1
307.404,310.752,0,1
299.088,322.848,0,1
307.404,309.024,0,1
298.978,322.848,0,1
281.484,312.48,0,1
282.024,314.208,0,1
295.524,303.84,0,1
312.264,312.48,0,1
307.404,309.024,0,1
292.824,302.112,0,1
294.768,302.112,0,1
292.824,302.112,0,1
294.768,302.112,0,1
295.524,303.84,0,1
299.628,322.848,0,1
297.576,317.664,0,1
296.712,321.12,0,1
296.712,321.12,0,1
286.346,303.84,0,1
286.344,303.84,0,1
297.576,317.664,0,1
301.896,314.208,0,1
277.92,312.48,0,1
299.628,322.848,0,1
298.332,322.848,0,1
279.648,307.296,0,1
301.896,314.208,0,1
295.416,321.12,0,1
295.416,321.12,0,1
298.332,322.848,0,1
286.346,303.84,0,1
286.344,303.84,0,1
292.392,302.112,0,1
292.392,302.112,0,1
279.648,307.296,0,1
296.82,321.12,0,1
298.008,322.848,0,1
298.008,322.848,0,1
296.82,321.12,0,1
292.176,302.112,0,1
292.176,302.112,0,1
295.848,303.84,0,1
297.79,322.848,0,1
277.92,312.48,0,1
280.08,307.296,0,1
297.79,322.848,0,1
295.092,321.12,0,1
283.752,305.568,0,1
282.24,307.238,0,1
295.092,321.12,0,1
282.24,307.11,0,1
280.08,307.296,0,1
282.24,307.296,0,1
282.24,307.354,0,1
282.24,307.482,0,1
283.752,305.568,0,1
291.96,302.112,0,1
291.96,302.112,0,1
282.24,309.024,0,1
295.848,303.84,0,1
280.296,307.296,0,1
280.296,307.296,0,1
294.984,321.12,0,1
280.406,307.296,0,1
280.406,307.296,0,1
294.984,321.12,0,1
297.9,317.664,0,1
278.894,307.296,0,1
278.892,307.296,0,1
278.892,307.296,0,1
297.9,317.664,0,1
278.894,307.296,0,1
291.528,302.112,0,1
291.528,302.112,0,1
297.252,322.848,0,1
297.252,322.848,0,1
291.42,302.112,0,1
291.42,302.112,0,1
276.408,309.024,0,1
285.912,303.84,0,1
276.408,309.024,0,1
298.01,317.664,0,1
281.268,307.296,0,1
281.16,307.296,0,1
298.01,317.664,0,1
301.032,322.848,0,1
281.376,307.296,0,1
301.032,322.848,0,1
281.16,307.296,0,1
278.136,307.296,0,1
291.096,302.112,0,1
297.144,321.12,0,1
282.024,307.296,0,1
297.144,321.12,0,1
276.3,309.024,0,1
276.3,309.024,0,1
291.096,302.112,0,1
285.912,303.84,0,1
283.428,314.208,0,1
281.268,307.296,0,1
294.552,321.12,0,1
294.552,321.12,0,1
282.42,309.024,0,1
302.328,314.208,0,1
302.328,314.208,0,1
294.444,321.12,0,1
294.444,321.12,0,1
281.376,307.296,0,1
278.136,307.296,0,1
265.824,314.208,0,1
296.172,322.848,0,1
296.172,322.848,0,1
302.22,322.848,0,1
294.12,321.12,0,1
294.12,321.12,0,1
295.956,322.848,0,1
295.956,322.848,0,1
290.016,302.112,0,1
290.016,302.112,0,1
265.824,314.208,0,1
289.908,302.112,0,1
297.468,321.12,0,1
297.468,321.12,0,1
289.908,302.112,0,1
277.162,312.48,0,1
277.162,312.48,0,1
282.024,314.208,0,1
277.164,312.48,0,1
277.164,312.48,0,1
302.22,322.848,0,1
302.76,322.848,0,1
282.24,312.48,0,1
297.576,321.12,0,1
286.882,317.664,0,1
286.884,317.664,0,1
286.884,317.664,0,1
286.882,317.664,0,1
297.576,321.12,0,1
289.584,302.112,0,1
289.584,302.112,0,1
289.476,302.112,0,1
289.476,302.112,0,1
293.688,321.12,0,1
293.688,321.12,0,1
283.32,305.568,0,1
306.758,307.296,0,1
295.094,322.848,0,1
295.092,322.848,0,1
302.76,322.848,0,1
285.48,303.84,0,1
295.092,322.848,0,1
295.094,322.848,0,1
302.756,314.208,0,1
306.758,307.296,0,1
282.024,307.296,0,1
302.756,314.208,0,1
283.32,305.568,0,1
285.48,303.84,0,1
289.152,302.112,0,1
282.42,312.48,0,1
289.152,302.112,0,1
283.212,305.568,0,1
294.444,322.848,0,1
303.086,322.848,0,1
294.336,322.848,0,1
293.148,315.936,0,1
308.16,310.938,0,1
308.16,310.81,0,1
308.16,310.566,0,1
308.16,310.694,0,1
308.16,310.752,0,1
279.432,317.664,0,1
293.148,315.936,0,1
292.716,315.936,0,1
282.42,309.024,0,1
294.444,322.848,0,1
303.086,322.848,0,1
292.5,315.936,0,1
288.72,302.112,0,1
292.716,315.936,0,1
292.5,315.936,0,1
288.72,302.112,0,1
294.336,322.848,0,1
283.212,305.568,0,1
298.008,321.12,0,1
298.008,321.12,0,1
294.444,315.936,0,1
288.396,302.112,0,1
303.516,322.848,0,1
294.444,315.936,0,1
288.396,302.112,0,1
288.288,302.112,0,1
288.288,302.112,0,1
286.128,317.664,0,1
277.056,307.296,0,1
277.056,307.296,0,1
303.192,314.208,0,1
303.192,314.208,0,1
282.42,310.752,0,1
279.432,317.664,0,1
292.718,321.12,0,1
292.718,321.12,0,1
292.716,321.12,0,1
312.696,312.48,0,1
276.408,312.48,0,1
276.408,312.48,0,1
295.092,315.936,0,1
279.648,317.664,0,1
292.716,321.12,0,1
295.092,315.936,0,1
290.88,315.936,0,1
282.888,305.568,0,1
312.696,312.48,0,1
290.88,315.936,0,1
288.072,302.112,0,1
290.772,315.936,0,1
286.128,317.664,0,1
296.928,303.84,0,1
290.772,315.936,0,1
290.664,315.936,0,1
282.24,307.296,0,1
292.608,321.12,0,1
296.928,303.84,0,1
288.072,302.112,0,1
290.664,315.936,0,1
295.416,315.936,0,1
292.608,321.12,0,1
295.416,315.936,0,1
275.004,309.024,0,1
275.004,309.024,0,1
285.048,303.84,0,1
285.048,303.84,0,1
303.516,322.848,0,1
303.624,305.568,0,1
303.624,305.568,0,1
287.856,302.112,0,1
287.856,302.112,0,1
297.036,302.112,0,1
297.036,302.112,0,1
296.602,315.936,0,1
279.648,317.664,0,1
296.602,315.936,0,1
298.44,321.12,0,1
298.44,321.12,0,1
276.084,312.48,0,1
276.084,312.48,0,1
296.71,319.392,0,1
296.712,319.392,0,1
296.71,319.392,0,1
296.712,319.392,0,1
303.624,322.848,0,1
275.004,310.752,0,1
299.628,317.664,0,1
299.628,317.664,0,1
287.424,302.112,0,1
297.144,315.936,0,1
297.144,315.936,0,1
287.424,302.112,0,1
282.42,312.48,0,1
291.312,300.384,0,1
291.96,321.12,0,1
275.004,310.752,0,1
291.204,300.384,0,1
279,317.664,0,1
291.096,300.384,0,1
276.516,307.296,0,1
297.144,319.392,0,1
297.792,315.936,0,1
282.24,305.626,0,1
282.24,305.754,0,1
282.24,305.568,0,1
282.24,305.382,0,1
282.24,305.51,0,1
276.516,307.296,0,1
289.152,315.936,0,1
297.252,303.84,0,1
291.312,300.384,0,1
291.204,300.384,0,1
291.96,321.12,0,1
279,317.664,0,1
282.24,314.208,0,1
297.252,303.84,0,1
303.624,322.848,0,1
289.152,315.936,0,1
308.16,308.838,0,1
308.16,309.024,0,1
308.16,309.21,0,1
308.16,309.082,0,1
295.848,319.392,0,1
308.16,308.966,0,1
295.848,319.392,0,1
282.42,309.024,0,1
289.044,315.936,0,1
289.044,315.936,0,1
291.096,300.384,0,1
297.144,319.392,0,1
297.792,315.936,0,1
295.63,319.392,0,1
288.936,315.936,0,1
288.936,315.936,0,1
282.42,307.296,0,1
295.63,319.392,0,1
286.992,302.112,0,1
286.992,302.112,0,1
297.36,319.392,0,1
291.744,321.12,0,1
297.36,319.392,0,1
297.684,302.112,0,1
292.07,300.384,0,1
292.07,300.384,0,1
292.068,300.384,0,1
292.068,300.384,0,1
291.744,321.12,0,1
293.256,322.848,0,1
278.784,317.664,0,1
293.256,322.848,0,1
282.888,305.568,0,1
274.358,309.024,0,1
308.16,310.752,0,1
274.358,309.024,0,1
278.784,317.664,0,1
297.684,302.112,0,1
284.616,303.84,0,1
285.588,317.664,0,1
307.296,307.296,0,1
298.87,321.12,0,1
298.872,321.12,0,1
298.87,321.12,0,1
284.616,303.84,0,1
298.872,321.12,0,1
285.588,317.664,0,1
307.296,307.296,0,1
312.912,312.48,0,1
294.12,319.392,0,1
312.912,312.48,0,1
294.12,319.392,0,1
294.012,319.392,0,1
294.012,319.392,0,1
298.332,315.936,0,1
298.332,315.936,0,1
286.344,302.112,0,1
308.808,310.752,0,1
285.48,317.664,0,1
285.48,317.664,0,1
286.344,302.112,0,1
304.056,314.208,0,1
278.568,317.664,0,1
292.932,322.848,0,1
278.568,317.664,0,1
290.338,300.384,0,1
281.376,305.568,0,1
290.34,300.384,0,1
304.056,314.208,0,1
290.338,300.384,0,1
290.34,300.384,0,1
292.932,322.848,0,1
281.268,305.568,0,1
297.792,319.392,0,1
297.792,319.392,0,1
308.34,312.48,0,1
292.932,319.392,0,1
280.944,305.568,0,1
292.824,319.578,0,1
291.312,321.12,0,1
292.824,319.45,0,1
292.824,319.392,0,1
291.312,321.12,0,1
282.42,307.296,0,1
287.424,315.936,0,1
298.872,315.936,0,1
287.424,315.936,0,1
282.42,312.48,0,1
274.572,310.752,0,1
300.492,317.664,0,1
280.08,305.568,0,1
299.304,321.12,0,1
299.304,321.12,0,1
273.816,309.024,0,1
280.08,305.568,0,1
279.756,305.568,0,1
274.572,310.752,0,1
300.492,317.664,0,1
273.816,309.024,0,1
279.756,305.568,0,1
313.022,312.48,0,1
308.808,310.752,0,1
280.944,305.568,0,1
293.796,300.384,0,1
279.648,305.568,0,1
279.648,305.568,0,1
308.16,309.024,0,1
313.022,312.48,0,1
293.796,300.384,0,1
298.872,315.936,0,1
292.284,319.392,0,1
292.286,319.392,0,1
292.286,319.392,0,1
292.284,319.392,0,1
308.34,310.752,0,1
279.216,305.568,0,1
279.216,305.568,0,1
304.272,314.208,0,1
275.004,312.48,0,1
280.296,317.664,0,1
275.004,312.48,0,1
304.272,314.208,0,1
278.784,305.568,0,1
281.268,305.568,0,1
294.12,300.384,0,1
284.184,303.84,0,1
284.184,303.84,0,1
280.296,317.664,0,1
278.784,305.568,0,1
294.12,300.384,0,1
278.352,305.568,0,1
278.136,305.568,0,1
298.224,319.392,0,1
281.376,305.568,0,1
298.656,302.112,0,1
298.224,319.392,0,1
294.336,300.384,0,1
300.708,317.664,0,1
278.352,305.568,0,1
294.336,300.384,0,1
274.896,312.48,0,1
282.42,314.208,0,1
274.896,312.48,0,1
286.776,315.936,0,1
291.528,319.392,0,1
286.776,315.936,0,1
278.136,305.568,0,1
291.528,319.392,0,1
298.656,302.112,0,1
278.136,317.664,0,1
278.136,317.664,0,1
280.406,317.664,0,1
291.42,319.392,0,1
300.816,317.606,0,1
300.816,317.478,0,1
300.816,317.664,0,1
280.406,317.664,0,1
291.42,319.392,0,1
309.24,310.752,0,1
283.968,303.84,0,1
283.968,303.84,0,1
284.938,317.664,0,1
309.24,310.752,0,1
273.278,309.024,0,1
304.488,314.208,0,1
284.938,317.664,0,1
304.488,314.208,0,1
298.874,302.112,0,1
308.592,309.024,0,1
273.278,309.024,0,1
273.168,309.024,0,1
298.656,319.392,0,1
298.656,319.392,0,1
298.874,302.112,0,1
285.804,315.936,0,1
299.842,321.12,0,1
277.92,317.664,0,1
277.92,317.664,0,1
304.704,305.568,0,1
282.42,307.296,0,1
299.842,321.12,0,1
285.696,315.936,0,1
273.168,309.024,0,1
275.004,307.296,0,1
304.704,305.568,0,1
308.34,309.024,0,1
285.804,315.936,0,1
283.752,303.84,0,1
277.378,305.568,0,1
275.004,307.296,0,1
277.378,305.568,0,1
308.592,309.024,0,1
285.696,315.936,0,1
285.264,302.112,0,1
283.752,303.84,0,1
277.272,305.568,0,1
288.828,300.384,0,1
288.828,300.384,0,1
272.952,309.024,0,1
277.272,305.568,0,1
285.264,302.112,0,1
304.704,314.208,0,1
304.704,314.208,0,1
300.168,321.12,0,1
277.704,317.664,0,1
277.704,317.664,0,1
290.772,319.392,0,1
290.772,319.392,0,1
299.088,319.392,0,1
299.088,319.392,0,1
308.808,309.024,0,1
299.628,315.936,0,1
296.064,300.384,0,1
299.196,302.112,0,1
299.628,315.936,0,1
296.064,300.384,0,1
272.952,309.024,0,1
299.196,302.112,0,1
277.056,305.568,0,1
277.056,305.568,0,1
290.342,321.12,0,1
300.168,321.12,0,1
290.342,321.12,0,1
304.812,314.208,0,1
304.812,314.208,0,1
308.808,309.024,0,1
290.232,321.12,0,1
299.304,319.392,0,1
309.672,310.752,0,1
304.166,322.848,0,1
309.672,310.752,0,1
299.304,319.392,0,1
304.166,322.848,0,1
291.528,322.848,0,1
282.42,314.208,0,1
290.232,321.12,0,1
291.528,322.848,0,1
282.24,305.568,0,1
274.572,307.296,0,1
276.624,305.568,0,1
273.924,312.48,0,1
273.924,312.48,0,1
273.926,312.48,0,1
273.926,312.48,0,1
274.572,307.296,0,1
299.412,302.112,0,1
296.712,300.384,0,1
296.712,300.384,0,1
299.412,302.112,0,1
283.32,303.84,0,1
308.16,307.296,0,1
308.16,307.238,0,1
308.16,307.11,0,1
308.16,307.482,0,1
308.16,307.354,0,1
299.52,319.392,0,1
299.52,319.392,0,1
276.624,305.568,0,1
282.42,305.568,0,1
283.212,303.84,0,1
290.124,319.392,0,1
290.124,319.392,0,1
298.98,303.84,0,1
284.94,315.936,0,1
284.94,315.936,0,1
284.938,315.936,0,1
284.938,315.936,0,1
301.896,317.664,0,1
301.896,317.664,0,1
298.98,303.84,0,1
283.32,303.84,0,1
305.136,314.208,0,1
287.75,300.384,0,1
297.576,300.384,0,1
287.75,300.384,0,1
309.132,309.024,0,1
305.136,314.208,0,1
290.99,322.848,0,1
309.132,309.024,0,1
290.99,322.848,0,1
299.952,319.392,0,1
297.792,300.384,0,1
299.952,319.392,0,1
274.14,307.296,0,1
297.576,300.384,0,1
274.14,307.296,0,1
281.16,317.664,0,1
273.708,310.752,0,1
282.888,303.84,0,1
273.708,310.752,0,1
289.8,319.392,0,1
283.212,303.84,0,1
289.8,319.392,0,1
300.278,315.936,0,1
281.16,317.664,0,1
300.278,315.936,0,1
310.104,310.752,0,1
310.104,310.752,0,1
289.584,321.12,0,1
297.792,300.384,0,1
284.616,302.112,0,1
289.692,319.392,0,1
289.692,319.392,0,1
284.616,302.112,0,1
300.168,319.392,0,1
287.316,300.384,0,1
289.584,321.12,0,1
287.316,300.384,0,1
300.168,319.392,0,1
281.268,317.664,0,1
282.24,303.782,0,1
282.24,303.654,0,1
282.24,304.026,0,1
282.24,303.898,0,1
282.24,303.84,0,1
273.168,312.48,0,1
282.42,305.568,0,1
308.34,310.752,0,1
279.648,303.84,0,1
283.86,317.664,0,1
281.268,317.664,0,1
273.168,312.48,0,1
289.476,319.392,0,1
289.476,319.392,0,1
300.384,319.392,0,1
305.354,305.568,0,1
300.384,319.392,0,1
305.352,305.568,0,1
305.352,305.568,0,1
282.42,314.208,0,1
281.376,317.664,0,1
279.648,303.84,0,1
305.354,305.568,0,1
283.86,317.664,0,1
279.538,303.84,0,1
300.062,302.112,0,1
300.062,302.112,0,1
279.538,303.84,0,1
283.536,317.664,0,1
290.448,322.848,0,1
289.368,321.12,0,1
290.448,322.848,0,1
308.592,307.296,0,1
308.16,307.296,0,1
275.868,305.568,0,1
275.868,305.568,0,1
275.866,305.568,0,1
275.866,305.568,0,1
289.368,321.12,0,1
309.454,309.024,0,1
305.568,314.208,0,1
309.454,309.024,0,1
281.376,317.664,0,1
286.668,300.384,0,1
286.67,300.384,0,1
286.668,300.384,0,1
302.652,317.664,0,1
286.67,300.384,0,1
280.836,303.84,0,1
302.652,317.664,0,1
276.624,317.664,0,1
276.624,317.664,0,1
305.568,314.208,0,1
286.56,300.384,0,1
299.628,303.84,0,1
280.836,303.84,0,1
273.384,310.752,0,1
273.384,310.752,0,1
299.628,303.84,0,1
300.816,319.392,0,1
286.56,300.384,0,1
300.816,319.392,0,1
308.808,307.296,0,1
265.07,314.208,0,1
282.888,303.84,0,1
308.592,307.296,0,1
265.07,314.208,0,1
313.668,312.48,0,1
276.516,317.664,0,1
313.668,312.48,0,1
305.568,305.568,0,1
276.516,317.664,0,1
284.184,302.112,0,1
284.184,302.112,0,1
298.548,300.384,0,1
298.55,300.384,0,1
298.548,300.384,0,1
305.568,305.568,0,1
298.55,300.384,0,1
282.42,305.568,0,1
279,303.84,0,1
308.808,307.296,0,1
279,303.84,0,1
283.86,315.936,0,1
286.344,300.384,0,1
283.86,315.936,0,1
309.672,309.024,0,1
276.408,317.664,0,1
276.408,317.664,0,1
309.672,309.024,0,1
289.91,322.848,0,1
300.492,302.112,0,1
300.492,302.112,0,1
286.344,300.384,0,1
289.91,322.848,0,1
310.752,310.752,0,1
308.34,307.296,0,1
310.752,310.752,0,1
301.248,319.392,0,1
301.248,319.392,0,1
272.628,312.48,0,1
272.63,312.48,0,1
308.34,309.024,0,1
301.14,315.936,0,1
272.628,312.48,0,1
272.63,312.48,0,1
283.968,302.112,0,1
300.6,302.112,0,1
301.14,315.936,0,1
300.6,302.112,0,1
283.968,302.112,0,1
288.936,321.12,0,1
282.24,317.664,0,1
282.24,317.606,0,1
282.24,317.478,0,1
282.24,317.85,0,1
282.24,317.722,0,1
289.584,322.848,0,1
288.936,321.12,0,1
309.346,307.296,0,1
301.464,319.392,0,1
310.86,310.752,0,1
310.86,310.752,0,1
309.346,307.296,0,1
282.024,317.664,0,1
278.458,303.84,0,1
304.704,322.848,0,1
278.458,303.84,0,1
301.464,319.392,0,1
304.704,322.848,0,1
283.536,317.664,0,1
309.888,309.024,0,1
289.584,322.848,0,1
309.888,309.024,0,1
283.752,302.112,0,1
301.464,321.12,0,1
301.464,321.12,0,1
275.004,305.568,0,1
272.844,307.296,0,1
275.004,305.568,0,1
283.752,302.112,0,1
272.844,307.296,0,1
301.464,315.936,0,1
301.464,315.936,0,1
306,314.208,0,1
306,314.208,0,1
272.952,310.752,0,1
272.952,310.752,0,1
288.072,319.392,0,1
288.072,319.392,0,1
285.912,300.384,0,1
304.812,322.848,0,1
304.812,322.848,0,1
285.912,300.384,0,1
287.964,319.392,0,1
287.964,319.392,0,1
274.788,305.568,0,1
274.788,305.568,0,1
309.996,307.296,0,1
277.812,303.84,0,1
287.856,319.392,0,1
309.996,307.296,0,1
277.812,303.84,0,1
287.856,319.392,0,1
300.492,303.84,0,1
301.896,319.392,0,1
303.84,317.664,0,1
288.504,321.12,0,1
300.492,303.84,0,1
301.896,319.392,0,1
288.504,321.12,0,1
282.42,315.072,0,1
303.84,317.664,0,1
282.78,315.936,0,1
300.6,303.84,0,1
313.992,312.48,0,1
275.654,317.664,0,1
300.6,303.84,0,1
275.654,317.664,0,1
313.992,312.48,0,1
306.216,314.208,0,1
306.216,314.208,0,1
288.396,321.12,0,1
283.32,302.112,0,1
288.396,321.12,0,1
299.736,300.384,0,1
301.896,315.936,0,1
299.736,300.384,0,1
301.896,315.936,0,1
275.544,317.664,0,1
275.544,317.664,0,1
302.112,319.392,0,1
283.212,302.112,0,1
282.24,303.84,0,1
302.112,319.392,0,1
308.34,310.752,0,1
282.78,315.936,0,1
271.44,309.024,0,1
271.44,309.024,0,1
304.058,317.664,0,1
271.872,312.48,0,1
282.24,315.994,0,1
282.24,316.122,0,1
282.24,315.75,0,1
282.24,315.878,0,1
282.24,315.936,0,1
282.024,317.664,0,1
279.648,302.112,0,1
304.058,317.664,0,1
272.198,307.296,0,1
272.198,307.296,0,1
299.952,300.384,0,1
299.952,300.384,0,1
302.222,319.392,0,1
283.32,302.112,0,1
302.222,319.392,0,1
310.642,307.296,0,1
271.872,312.48,0,1
310.426,309.024,0,1
282.42,303.84,0,1
279.538,302.112,0,1
310.426,309.024,0,1
279.648,302.112,0,1
304.164,317.664,0,1
310.752,307.296,0,1
310.642,307.296,0,1
300.058,300.384,0,1
304.164,317.664,0,1
279.538,302.112,0,1
285.48,300.384,0,1
285.48,300.384,0,1
300.058,300.384,0,1
308.34,312.48,0,1
282.888,302.112,0,1
310.752,307.296,0,1
311.508,310.752,0,1
311.508,310.752,0,1
287.102,319.392,0,1
287.102,319.392,0,1
288.072,321.12,0,1
283.212,302.112,0,1
288.072,321.12,0,1
282.24,302.17,0,1
282.24,302.298,0,1
282.24,301.926,0,1
282.24,302.112,0,1
282.24,302.054,0,1
286.992,319.392,0,1
286.992,319.392,0,1
279,302.112,0,1
279,302.112,0,1
275.112,317.664,0,1
275.112,317.664,0,1
280.836,302.112,0,1
282.42,303.84,0,1
271.656,307.296,0,1
310.752,309.024,0,1
271.656,307.296,0,1
280.836,302.112,0,1
282.24,315.936,0,1
282.42,315.936,0,1
280.836,315.936,0,1
280.836,315.936,0,1
280.728,315.936,0,1
280.728,315.936,0,1
278.458,302.112,0,1
274.896,317.664,0,1
278.458,302.112,0,1
310.752,309.024,0,1
274.896,317.664,0,1
306.432,305.568,0,1
306.434,305.568,0,1
306.432,305.568,0,1
306.434,305.568,0,1
304.596,317.664,0,1
304.596,317.664,0,1
282.42,315.936,0,1
273.708,305.568,0,1
273.708,305.568,0,1
300.816,300.384,0,1
285.048,300.384,0,1
285.048,300.384,0,1
308.34,309.024,0,1
286.344,319.392,0,1
300.816,300.384,0,1
275.976,303.84,0,1
275.976,303.84,0,1
287.64,321.12,0,1
287.64,321.12,0,1
275.868,303.84,0,1
286.344,319.392,0,1
308.34,307.296,0,1
302.004,302.112,0,1
275.868,303.84,0,1
282.42,315.936,0,1
279.648,315.936,0,1
302.004,302.112,0,1
311.94,310.752,0,1
277.812,302.112,0,1
282.888,302.112,0,1
277.812,302.112,0,1
282.42,303.84,0,1
273.492,305.568,0,1
311.94,310.752,0,1
279.648,315.936,0,1
286.236,319.392,0,1
273.492,305.568,0,1
288.504,322.848,0,1
288.504,322.848,0,1
306.866,314.208,0,1
306.866,314.208,0,1
286.236,319.392,0,1
279.538,315.936,0,1
282.24,317.664,0,1
301.032,300.384,0,1
271.118,307.296,0,1
279.538,315.936,0,1
301.032,300.384,0,1
271.98,310.752,0,1
271.118,307.296,0,1
271.98,310.752,0,1
302.76,321.12,0,1
312.048,310.752,0,1
286.128,319.392,0,1
314.424,312.48,0,1
314.424,312.48,0,1
271.008,307.296,0,1
312.048,310.752,0,1
286.128,319.392,0,1
287.424,321.12,0,1
287.424,321.12,0,1
303.192,319.392,0,1
302.76,321.12,0,1
303.192,319.392,0,1
271.008,307.296,0,1
284.616,300.384,0,1
284.616,300.384,0,1
302.004,303.84,0,1
307.08,314.208,0,1
307.08,314.208,0,1
270.792,307.296,0,1
276.732,302.112,0,1
276.732,302.112,0,1
302.004,303.84,0,1
303.408,315.936,0,1
303.408,315.936,0,1
278.892,315.936,0,1
270.792,307.296,0,1
302.978,321.12,0,1
278.892,315.936,0,1
276.516,302.112,0,1
276.516,302.112,0,1
302.978,321.12,0,1
307.188,314.208,0,1
292.608,298.656,0,1
307.188,314.208,0,1
305.246,317.664,0,1
305.246,317.664,0,1
292.826,298.656,0,1
301.464,300.384,0,1
271.656,310.752,0,1
270.9,312.48,0,1
302.544,302.112,0,1
302.544,302.112,0,1
292.932,298.656,0,1
270.9,312.48,0,1
301.464,300.384,0,1
271.656,310.752,0,1
292.608,298.656,0,1
292.826,298.656,0,1
303.624,319.392,0,1
292.932,298.656,0,1
303.624,319.392,0,1
285.696,319.392,0,1
285.696,319.392,0,1
293.364,298.656,0,1
293.364,298.656,0,1
278.568,315.936,0,1
278.568,315.936,0,1
307.296,314.208,0,1
307.296,314.208,0,1
294.014,298.656,0,1
294.014,298.656,0,1
274.142,317.664,0,1
274.788,303.84,0,1
274.788,303.84,0,1
274.142,317.664,0,1
272.63,305.568,0,1
264.42,314.208,0,1
294.552,298.656,0,1
272.628,305.568,0,1
272.63,305.568,0,1
294.552,298.656,0,1
264.42,314.208,0,1
282.42,317.664,0,1
272.628,305.568,0,1
278.35,315.936,0,1
278.35,315.936,0,1
284.184,300.384,0,1
285.48,319.392,0,1
285.48,319.392,0,1
284.184,300.384,0,1
275.652,302.112,0,1
275.654,302.112,0,1
291.528,298.656,0,1
275.652,302.112,0,1
275.654,302.112,0,1
291.528,298.656,0,1
274.032,317.664,0,1
286.776,321.12,0,1
274.032,317.664,0,1
286.776,321.12,0,1
295.74,298.656,0,1
295.74,298.656,0,1
303.3,321.12,0,1
295.956,298.656,0,1
303.3,321.12,0,1
295.956,298.656,0,1
304.056,319.392,0,1
296.064,298.656,0,1
296.064,298.656,0,1
304.056,319.392,0,1
301.896,300.384,0,1
301.896,300.384,0,1
290.988,298.656,0,1
290.988,298.656,0,1
282.24,302.112,0,1
274.356,303.84,0,1
311.94,307.296,0,1
274.356,303.84,0,1
311.94,307.296,0,1
285.264,319.392,0,1
275.004,302.112,0,1
285.264,319.392,0,1
302.76,303.84,0,1
274.896,302.112,0,1
286.56,321.12,0,1
286.56,321.12,0,1
277.812,315.936,0,1
302.76,303.84,0,1
275.004,302.112,0,1
277.812,315.936,0,1
274.896,302.112,0,1
297.144,298.656,0,1
282.42,302.112,0,1
297.144,298.656,0,1
314.856,312.48,0,1
314.856,312.48,0,1
303.516,321.12,0,1
303.516,321.12,0,1
271.98,305.568,0,1
283.752,300.384,0,1
283.752,300.384,0,1
286.344,321.12,0,1
286.344,321.12,0,1
271.98,305.568,0,1
271.872,305.568,0,1
304.488,319.392,0,1
304.488,319.392,0,1
269.714,309.024,0,1
269.714,309.024,0,1
282.42,317.664,0,1
302.328,300.384,0,1
271.872,305.568,0,1
311.832,309.024,0,1
307.404,305.568,0,1
311.832,309.024,0,1
304.596,319.392,0,1
302.328,300.384,0,1
284.832,319.392,0,1
307.404,305.568,0,1
308.34,307.296,0,1
308.34,314.208,0,1
289.476,298.656,0,1
289.476,298.656,0,1
284.832,319.392,0,1
304.596,319.392,0,1
298.44,298.656,0,1
273.71,303.84,0,1
273.708,303.84,0,1
273.71,303.84,0,1
273.708,303.84,0,1
298.44,298.656,0,1
303.086,303.84,0,1
298.548,298.656,0,1
298.548,298.656,0,1
303.086,303.84,0,1
269.604,309.024,0,1
269.604,309.024,0,1
307.944,314.208,0,1
283.428,300.384,0,1
282.42,302.112,0,1
307.944,314.208,0,1
302.544,300.384,0,1
273.384,317.664,0,1
302.544,300.384,0,1
303.624,302.112,0,1
284.616,319.392,0,1
284.616,319.392,0,1
306.324,317.664,0,1
306.324,317.664,0,1
273.384,317.664,0,1
283.32,300.384,0,1
304.92,319.392,0,1
283.428,300.384,0,1
303.624,302.112,0,1
315.072,312.48,0,1
315.072,312.48,0,1
308.34,314.208,0,1
304.92,319.392,0,1
285.912,321.12,0,1
285.912,321.12,0,1
276.732,315.936,0,1
308.16,314.208,0,1
276.732,315.936,0,1
283.32,300.384,0,1
283.104,300.384,0,1
299.736,298.656,0,1
284.4,319.392,0,1
306.54,317.664,0,1
284.4,319.392,0,1
306.54,317.664,0,1
299.736,298.656,0,1
308.16,314.394,0,1
308.16,314.266,0,1
308.16,314.208,0,1
308.16,314.15,0,1
308.16,314.022,0,1
276.516,315.936,0,1
290.664,293.472,0,1
269.712,307.296,0,1
269.712,307.296,0,1
276.516,315.936,0,1
269.28,309.024,0,1
269.28,309.024,0,1
315.18,312.48,0,1
315.18,312.48,0,1
290.448,293.472,0,1
287.964,298.656,0,1
272.952,303.84,0,1
287.964,298.656,0,1
273.168,317.664,0,1
299.844,298.656,0,1
299.844,298.656,0,1
289.908,293.472,0,1
282.42,302.112,0,1
273.168,317.664,0,1
290.016,293.472,0,1
290.882,293.472,0,1
290.664,293.472,0,1
308.34,314.208,0,1
290.882,293.472,0,1
290.448,293.472,0,1
282.888,300.384,0,1
282.42,317.664,0,1
272.952,303.84,0,1
291.204,293.472,0,1
306.216,322.848,0,1
291.204,293.472,0,1
297.36,324.576,0,1
291.312,293.472,0,1
306.216,322.848,0,1
291.312,293.472,0,1
290.016,293.472,0,1
270.468,310.752,0,1
297.36,324.576,0,1
270.468,310.752,0,1
296.604,324.576,0,1
296.604,324.576,0,1
289.908,293.472,0,1
297.576,324.576,0,1
276.194,315.936,0,1
276.194,315.936,0,1
304.166,321.12,0,1
304.166,321.12,0,1
297.576,324.576,0,1
297.792,324.576,0,1
303.624,303.84,0,1
283.104,300.384,0,1
303.624,303.84,0,1
273.492,302.112,0,1
291.854,293.472,0,1
315.288,312.48,0,1
315.288,312.48,0,1
285.48,321.12,0,1
285.48,321.12,0,1
273.492,302.112,0,1
291.854,293.472,0,1
295.2,324.576,0,1
305.352,319.392,0,1
297.792,324.576,0,1
295.2,324.576,0,1
312.372,309.024,0,1
305.352,319.392,0,1
282.24,300.326,0,1
282.24,300.198,0,1
282.24,300.57,0,1
282.24,300.442,0,1
282.24,300.384,0,1
304.056,302.112,0,1
312.372,309.024,0,1
304.056,302.112,0,1
306.972,317.664,0,1
272.628,303.84,0,1
293.796,324.576,0,1
293.796,324.576,0,1
293.04,324.576,0,1
286.668,322.848,0,1
308.34,315.072,0,1
286.668,322.848,0,1
292.608,293.472,0,1
306.972,317.664,0,1
273.276,302.112,0,1
272.628,303.84,0,1
273.276,302.112,0,1
292.608,293.472,0,1
293.04,324.576,0,1
286.668,298.656,0,1
286.668,298.656,0,1
275.76,315.936,0,1
275.76,315.936,0,1
292.824,324.576,0,1
303.192,300.384,0,1
292.824,324.576,0,1
303.192,300.384,0,1
305.568,319.392,0,1
305.568,319.392,0,1
292.608,324.576,0,1
282.888,300.384,0,1
292.608,324.576,0,1
304.272,302.112,0,1
304.272,302.112,0,1
285.156,321.12,0,1
308.16,305.626,0,1
308.16,305.754,0,1
308.16,305.382,0,1
308.16,305.568,0,1
285.156,321.12,0,1
308.16,305.51,0,1
303.948,303.84,0,1
303.948,303.84,0,1
289.584,293.472,0,1
268.742,309.024,0,1
303.302,300.384,0,1
272.736,317.664,0,1
281.052,300.384,0,1
268.742,309.024,0,1
305.678,319.392,0,1
303.302,300.384,0,1
305.678,319.392,0,1
293.688,293.472,0,1
272.736,317.664,0,1
293.688,293.472,0,1
298.548,324.576,0,1
298.548,324.576,0,1
286.022,298.656,0,1
289.584,293.472,0,1
285.048,321.12,0,1
286.022,298.656,0,1
285.048,321.12,0,1
270.036,310.752,0,1
270.036,310.752,0,1
294.012,293.472,0,1
294.012,293.472,0,1
294.12,293.472,0,1
304.058,303.84,0,1
304.058,303.84,0,1
280.728,300.384,0,1
294.12,293.472,0,1
269.172,312.48,0,1
269.174,312.48,0,1
269.172,312.48,0,1
269.174,312.48,0,1
279.648,300.384,0,1
280.728,300.384,0,1
275.222,315.936,0,1
275.222,315.936,0,1
279.648,300.384,0,1
308.16,305.568,0,1
269.93,310.752,0,1
285.48,298.656,0,1
269.93,310.752,0,1
285.48,298.656,0,1
279.43,300.384,0,1
284.832,321.12,0,1
300.924,298.656,0,1
300.922,298.656,0,1
279.43,300.384,0,1
279.324,300.384,0,1
300.922,298.656,0,1
300.924,298.656,0,1
279.324,300.384,0,1
284.832,321.12,0,1
281.052,300.384,0,1
306.432,315.936,0,1
306.432,315.936,0,1
283.32,319.392,0,1
274.896,315.936,0,1
299.09,324.576,0,1
299.09,324.576,0,1
268.416,309.024,0,1
283.32,319.392,0,1
285.052,298.656,0,1
270.468,305.568,0,1
270.468,305.568,0,1
285.052,298.656,0,1
274.896,315.936,0,1
295.2,293.472,0,1
279,300.384,0,1
284.832,298.656,0,1
295.2,293.472,0,1
268.416,309.024,0,1
279,300.384,0,1
283.212,319.392,0,1
313.884,310.752,0,1
313.884,310.752,0,1
283.212,319.392,0,1
291.852,324.576,0,1
291.852,324.576,0,1
284.832,298.656,0,1
308.34,305.568,0,1
286.022,322.848,0,1
286.022,322.848,0,1
315.72,312.48,0,1
315.72,312.48,0,1
278.458,300.384,0,1
278.458,300.384,0,1
308.34,315.936,0,1
271.764,303.84,0,1
271.764,303.84,0,1
284.616,298.656,0,1
272.304,317.664,0,1
272.304,317.664,0,1
313.668,307.296,0,1
313.668,307.296,0,1
284.616,298.656,0,1
289.152,293.472,0,1
289.152,293.472,0,1
282.888,319.392,0,1
296.17,293.472,0,1
296.17,293.472,0,1
304.596,303.84,0,1
271.98,302.112,0,1
304.596,303.84,0,1
271.98,302.112,0,1
269.496,310.752,0,1
269.496,310.752,0,1
282.888,319.392,0,1
308.16,317.85,0,1
308.16,317.478,0,1
308.16,317.722,0,1
308.16,317.606,0,1
308.16,317.664,0,1
263.664,314.208,0,1
301.68,298.656,0,1
309.24,314.208,0,1
306.432,319.392,0,1
277.812,300.384,0,1
306.432,319.392,0,1
277.812,300.384,0,1
309.24,314.208,0,1
263.664,314.208,0,1
282.24,300.384,0,1
296.712,293.472,0,1
308.808,305.568,0,1
296.712,293.472,0,1
308.34,305.568,0,1
301.68,298.656,0,1
300.276,324.576,0,1
300.276,324.576,0,1
282.42,300.384,0,1
308.808,305.568,0,1
268.416,312.48,0,1
305.244,321.12,0,1
305.244,321.12,0,1
309.348,314.208,0,1
300.384,324.576,0,1
305.136,302.112,0,1
309.348,314.208,0,1
300.384,324.576,0,1
305.136,302.112,0,1
308.16,317.664,0,1
284.184,298.656,0,1
284.184,298.656,0,1
282.24,319.334,0,1
282.24,319.45,0,1
282.24,319.206,0,1
282.24,319.578,0,1
282.24,319.392,0,1
297.36,293.472,0,1
268.416,312.48,0,1
308.34,315.936,0,1
306.648,319.392,0,1
306.648,319.392,0,1
297.36,293.472,0,1
285.48,322.848,0,1
285.48,322.848,0,1
267.876,309.024,0,1
304.272,300.384,0,1
304.272,300.384,0,1
267.876,309.024,0,1
308.34,317.664,0,1
271.872,317.664,0,1
283.968,298.656,0,1
283.968,298.656,0,1
271.872,317.664,0,1
271.116,303.84,0,1
271.116,303.84,0,1
300.816,324.576,0,1
284.074,321.12,0,1
300.816,324.576,0,1
284.074,321.12,0,1
282.42,300.384,0,1
308.34,305.568,0,1
276.516,300.384,0,1
288.72,293.472,0,1
276.516,300.384,0,1
288.72,293.472,0,1
271.764,317.664,0,1
271.764,317.664,0,1
308.808,317.664,0,1
290.448,324.576,0,1
290.448,324.576,0,1
283.968,321.12,0,1
283.968,321.12,0,1
314.314,307.296,0,1
283.752,298.656,0,1
297.9,293.472,0,1
268.958,310.752,0,1
314.314,307.296,0,1
308.808,317.664,0,1
297.9,293.472,0,1
268.958,310.752,0,1
273.708,315.936,0,1
273.708,315.936,0,1
283.752,298.656,0,1
308.16,315.936,0,1
309.24,305.568,0,1
309.24,305.568,0,1
281.376,319.392,0,1
288.612,293.472,0,1
271.872,296.928,0,1
288.612,293.472,0,1
316.152,312.48,0,1
316.152,312.48,0,1
272.09,296.928,0,1
305.568,302.112,0,1
270.9,302.112,0,1
313.668,309.024,0,1
270.902,302.112,0,1
313.668,309.024,0,1
270.9,302.112,0,1
270.902,302.112,0,1
281.268,319.392,0,1
271.872,296.928,0,1
308.34,315.936,0,1
272.09,296.928,0,1
305.568,302.112,0,1
282.24,319.392,0,1
272.628,296.928,0,1
281.376,319.392,0,1
281.268,319.392,0,1
282.42,319.392,0,1
281.16,319.392,0,1
308.34,317.664,0,1
272.628,296.928,0,1
282.42,300.384,0,1
285.052,322.848,0,1
281.16,319.392,0,1
273.278,296.928,0,1
273.278,296.928,0,1
285.052,322.848,0,1
271.334,296.928,0,1
274.14,296.928,0,1
271.332,296.928,0,1
274.14,296.928,0,1
271.332,296.928,0,1
271.334,296.928,0,1
283.752,321.12,0,1
274.356,296.928,0,1
274.356,296.928,0,1
283.752,321.12,0,1
275.652,300.384,0,1
304.704,300.384,0,1
304.704,300.384,0,1
302.436,298.656,0,1
275.652,300.384,0,1
267.876,307.296,0,1
298.44,293.472,0,1
267.876,307.296,0,1
302.436,298.656,0,1
282.42,319.392,0,1
305.46,303.84,0,1
298.44,293.472,0,1
283.32,298.656,0,1
305.46,303.84,0,1
275.434,296.928,0,1
275.434,296.928,0,1
270.576,296.928,0,1
268.632,310.752,0,1
304.81,300.384,0,1
304.81,300.384,0,1
283.644,321.12,0,1
308.16,315.75,0,1
308.16,315.878,0,1
308.16,316.122,0,1
308.16,315.936,0,1
308.16,315.994,0,1
275.976,296.928,0,1
275.976,296.928,0,1
284.832,322.848,0,1
268.632,310.752,0,1
283.644,321.12,0,1
271.44,317.664,0,1
271.44,317.664,0,1
270.468,302.112,0,1
276.516,296.928,0,1
276.406,296.928,0,1
276.624,296.928,0,1
305.784,302.112,0,1
270.576,296.928,0,1
276.406,296.928,0,1
270.468,302.112,0,1
305.784,302.112,0,1
276.516,296.928,0,1
284.832,322.848,0,1
283.32,298.656,0,1
305.568,304.026,0,1
305.568,303.898,0,1
305.568,303.84,0,1
276.624,296.928,0,1
308.34,317.664,0,1
275.004,300.384,0,1
282.42,319.392,0,1
275.004,300.384,0,1
267.768,312.48,0,1
309.672,305.568,0,1
267.768,312.48,0,1
309.672,305.568,0,1
309.24,317.664,0,1
309.24,317.664,0,1
279.864,319.392,0,1
288.288,293.472,0,1
279.864,319.392,0,1
288.288,293.472,0,1
279.648,298.656,0,1
282.888,298.656,0,1
290.016,296.928,0,1
270.144,302.112,0,1
314.856,307.296,0,1
314.856,307.296,0,1
279.648,298.656,0,1
290.016,296.928,0,1
290.34,296.928,0,1
279.216,298.656,0,1
308.7,315.936,0,1
290.34,296.928,0,1
290.556,296.928,0,1
278.784,298.656,0,1
290.556,296.928,0,1
279.216,298.656,0,1
270.144,302.112,0,1
289.368,324.576,0,1
289.368,324.576,0,1
306.108,321.12,0,1
306.108,321.12,0,1
268.416,310.752,0,1
268.74,305.568,0,1
268.416,310.752,0,1
278.784,298.656,0,1
268.74,305.568,0,1
291.204,296.928,0,1
291.204,296.928,0,1
308.592,316.122,0,1
302.436,324.576,0,1
308.592,315.936,0,1
302.436,324.576,0,1
308.592,315.994,0,1
280.404,298.656,0,1
280.406,298.656,0,1
280.406,298.656,0,1
282.24,298.656,0,1
282.24,298.598,0,1
280.404,298.656,0,1
282.24,298.714,0,1
282.24,298.47,0,1
282.24,298.842,0,1
284.616,322.848,0,1
274.248,300.384,0,1
291.744,296.928,0,1
291.744,296.928,0,1
308.808,315.936,0,1
291.852,296.928,0,1
289.258,296.928,0,1
289.26,296.928,0,1
284.616,322.848,0,1
289.258,296.928,0,1
291.852,296.928,0,1
289.26,296.928,0,1
309.888,305.568,0,1
279.216,319.392,0,1
279.216,319.392,0,1
309.888,305.568,0,1
289.152,324.576,0,1
289.152,324.576,0,1
274.248,300.384,0,1
315.18,310.752,0,1
315.18,310.752,0,1
292.608,296.928,0,1
292.608,296.928,0,1
308.808,315.936,0,1
281.484,298.656,0,1
306.324,321.12,0,1
306.324,321.12,0,1
299.196,293.472,0,1
278.026,298.656,0,1
288.504,296.928,0,1
278.026,298.656,0,1
278.028,298.656,0,1
278.028,298.656,0,1
288.504,296.928,0,1
299.196,293.472,0,1
272.52,315.936,0,1
293.148,296.928,0,1
271.008,317.664,0,1
293.148,296.928,0,1
271.008,317.664,0,1
282.888,298.656,0,1
293.256,296.928,0,1
293.256,296.928,0,1
316.584,312.48,0,1
316.584,312.48,0,1
288.288,296.928,0,1
288.288,296.928,0,1
281.484,298.656,0,1
278.136,296.928,0,1
278.136,296.928,0,1
267.23,307.296,0,1
306.216,302.112,0,1
267.23,307.296,0,1
272.52,315.936,0,1
306.216,302.112,0,1
310.104,305.568,0,1
310.104,305.568,0,1
288.072,296.928,0,1
288.072,296.928,0,1
294.01,296.928,0,1
294.012,296.928,0,1
294.012,296.928,0,1
294.01,296.928,0,1
269.172,296.928,0,1
269.172,296.928,0,1
268.31,305.568,0,1
268.308,305.568,0,1
268.31,305.568,0,1
268.308,305.568,0,1
309.672,317.664,0,1
309.672,317.664,0,1
294.768,296.928,0,1
278.136,319.392,0,1
288.614,324.576,0,1
269.712,303.84,0,1
288.614,324.576,0,1
269.712,303.84,0,1
305.568,300.384,0,1
315.394,307.296,0,1
316.692,312.48,0,1
287.856,293.472,0,1
287.856,293.472,0,1
278.136,319.392,0,1
287.318,296.928,0,1
287.316,296.928,0,1
316.692,312.48,0,1
287.318,296.928,0,1
308.16,319.392,0,1
308.16,319.45,0,1
308.16,319.578,0,1
308.16,319.206,0,1
287.316,296.928,0,1
308.16,319.334,0,1
305.568,300.384,0,1
315.394,307.296,0,1
294.768,296.928,0,1
291.096,295.2,0,1
273.6,300.384,0,1
269.496,302.112,0,1
269.496,302.112,0,1
273.6,300.384,0,1
309.24,315.936,0,1
282.888,321.12,0,1
263.124,314.208,0,1
315.504,307.296,0,1
263.124,314.208,0,1
277.918,319.392,0,1
291.422,295.2,0,1
309.24,315.936,0,1
291.096,295.2,0,1
286.668,296.928,0,1
277.918,319.392,0,1
305.676,300.384,0,1
291.422,295.2,0,1
308.16,319.392,0,1
288.288,324.576,0,1
315.504,307.296,0,1
286.56,296.928,0,1
286.668,296.928,0,1
305.676,300.384,0,1
282.888,321.12,0,1
286.56,296.928,0,1
267.12,312.48,0,1
291.96,295.2,0,1
288.288,324.576,0,1
309.888,317.664,0,1
291.96,295.2,0,1
309.888,317.664,0,1
267.12,312.48,0,1
292.502,295.2,0,1
284.184,322.848,0,1
292.502,295.2,0,1
284.184,322.848,0,1
299.846,293.472,0,1
303.732,324.576,0,1
303.732,324.576,0,1
305.784,300.384,0,1
299.846,293.472,0,1
287.64,293.472,0,1
268.308,296.928,0,1
282.672,321.12,0,1
303.624,298.656,0,1
287.64,293.472,0,1
303.624,298.656,0,1
305.784,300.384,0,1
293.04,295.2,0,1
310.536,305.568,0,1
270.576,317.664,0,1
308.34,319.392,0,1
270.576,317.664,0,1
293.04,295.2,0,1
268.308,296.928,0,1
276.408,298.656,0,1
276.408,298.656,0,1
314.746,309.024,0,1
314.748,309.024,0,1
314.748,309.024,0,1
314.746,309.024,0,1
310.536,305.568,0,1
315.72,307.296,0,1
279.648,296.928,0,1
267.768,310.752,0,1
267.768,310.752,0,1
292.068,331.488,0,1
306.648,302.112,0,1
306.648,302.112,0,1
294.012,295.2,0,1
315.72,307.296,0,1
294.012,295.2,0,1
286.02,296.928,0,1
294.12,295.2,0,1
279.756,296.928,0,1
279.648,296.928,0,1
266.688,307.296,0,1
286.02,296.928,0,1
294.12,295.2,0,1
277.38,319.392,0,1
310.104,317.664,0,1
277.38,319.392,0,1
310.104,317.664,0,1
282.24,298.656,0,1
266.688,307.296,0,1
282.672,321.12,0,1
266.472,309.024,0,1
266.472,309.024,0,1
282.24,321.12,0,1
282.24,321.178,0,1
282.24,321.306,0,1
292.068,331.488,0,1
282.24,320.934,0,1
282.24,321.062,0,1
309.672,315.936,0,1
279.756,296.928,0,1
310.86,314.208,0,1
308.34,319.392,0,1
310.86,314.208,0,1
308.16,322.79,0,1
308.16,322.662,0,1
308.16,322.848,0,1
308.16,323.034,0,1
308.16,322.906,0,1
290.016,295.2,0,1
309.672,315.936,0,1
290.016,295.2,0,1
310.752,305.568,0,1
287.856,324.576,0,1
269.064,303.84,0,1
269.064,303.84,0,1
291.96,331.488,0,1
267.552,305.568,0,1
291.96,331.488,0,1
306.756,302.112,0,1
306.756,302.112,0,1
287.856,324.576,0,1
310.752,305.568,0,1
310.212,317.664,0,1
275.652,298.656,0,1
295.092,295.2,0,1
295.09,295.2,0,1
310.212,317.664,0,1
283.968,322.848,0,1
283.968,322.848,0,1
275.652,298.656,0,1
287.424,293.472,0,1
295.092,295.2,0,1
282.42,298.656,0,1
295.09,295.2,0,1
287.424,293.472,0,1
271.764,315.936,0,1
317.016,312.48,0,1
271.762,315.936,0,1
308.808,319.392,0,1
271.762,315.936,0,1
271.764,315.936,0,1
275.544,298.656,0,1
304.378,324.576,0,1
275.544,298.656,0,1
304.378,324.576,0,1
308.808,319.392,0,1
295.632,295.2,0,1
267.552,305.568,0,1
317.016,312.48,0,1
295.632,326.304,0,1
295.848,326.304,0,1
295.848,295.2,0,1
295.848,326.304,0,1
296.28,326.304,0,1
295.632,326.304,0,1
296.386,326.304,0,1
296.28,326.304,0,1
297.144,326.304,0,1
296.386,326.304,0,1
308.34,319.392,0,1
295.632,295.2,0,1
300.384,293.472,0,1
309.888,315.936,0,1
309.888,315.936,0,1
300.384,293.472,0,1
306.972,303.84,0,1
270.252,317.664,0,1
270.252,317.664,0,1
297.144,326.304,0,1
295.848,295.2,0,1
306.972,303.84,0,1
272.52,300.384,0,1
272.52,300.384,0,1
285.372,296.928,0,1
276.84,319.392,0,1
285.372,296.928,0,1
297.36,326.304,0,1
281.592,321.12,0,1
297.36,326.304,0,1
307.188,321.12,0,1
293.364,331.488,0,1
276.84,319.392,0,1
307.188,321.12,0,1
275.004,298.656,0,1
275.004,298.656,0,1
310.97,305.568,0,1
294.874,326.304,0,1
270.144,317.664,0,1
294.874,326.304,0,1
281.592,321.12,0,1
276.73,319.392,0,1
270.144,317.664,0,1
310.97,305.568,0,1
294.768,326.304,0,1
306.216,300.384,0,1
306.216,300.384,0,1
293.364,331.488,0,1
294.768,326.304,0,1
276.73,319.392,0,1
297.792,326.304,0,1
297.792,326.304,0,1
281.054,321.12,0,1
282.42,298.656,0,1
266.148,309.024,0,1
283.752,322.848,0,1
280.404,296.928,0,1
280.406,296.928,0,1
296.928,296.928,0,1
280.404,296.928,0,1
266.148,309.024,0,1
280.406,296.928,0,1
281.054,321.12,0,1
304.92,324.576,0,1
310.104,315.936,0,1
310.104,315.936,0,1
296.928,296.928,0,1
304.92,324.576,0,1
294.444,326.304,0,1
283.752,322.848,0,1
267.228,305.568,0,1
284.94,296.928,0,1
294.336,326.304,0,1
294.336,326.49,0,1
294.336,326.362,0,1
284.94,296.928,0,1
310.536,317.664,0,1
311.076,305.568,0,1
310.536,317.664,0,1
311.076,305.568,0,1
307.08,302.112,0,1
307.08,302.112,0,1
280.512,321.12,0,1
280.512,321.12,0,1
308.34,303.84,0,1
266.15,307.296,0,1
267.228,305.568,0,1
298.224,326.304,0,1
282.24,321.12,0,1
298.224,326.304,0,1
287.1,293.472,0,1
287.1,293.472,0,1
287.316,324.576,0,1
287.316,324.576,0,1
266.15,307.296,0,1
308.16,322.848,0,1
293.904,326.304,0,1
266.796,296.928,0,1
293.904,326.304,0,1
284.724,296.928,0,1
282.42,321.12,0,1
316.26,310.752,0,1
279.974,321.12,0,1
316.258,310.752,0,1
266.796,296.928,0,1
284.724,296.928,0,1
316.26,310.752,0,1
316.258,310.752,0,1
294.336,331.488,0,1
279.648,321.12,0,1
297.36,296.928,0,1
279.974,321.12,0,1
297.36,296.928,0,1
293.58,326.304,0,1
266.04,307.296,0,1
293.58,326.304,0,1
271.872,300.384,0,1
298.656,326.304,0,1
298.656,326.304,0,1
294.336,331.488,0,1
293.472,326.304,0,1
298.764,326.304,0,1
298.764,326.304,0,1
266.04,307.296,0,1
271.872,300.384,0,1
293.472,326.304,0,1
286.992,293.472,0,1
286.992,293.472,0,1
279.648,321.12,0,1
282.42,298.656,0,1
305.458,324.576,0,1
296.928,295.2,0,1
296.928,295.2,0,1
305.458,324.576,0,1
310.752,317.664,0,1
305.568,324.576,0,1
308.592,322.848,0,1
315.504,309.024,0,1
310.752,317.664,0,1
299.088,326.304,0,1
299.088,326.304,0,1
305.568,324.576,0,1
315.504,309.024,0,1
297.792,296.928,0,1
297.792,296.928,0,1
297.144,295.2,0,1
268.2,303.84,0,1
288.072,295.2,0,1
268.094,302.112,0,1
294.662,331.488,0,1
288.072,295.2,0,1
268.092,302.112,0,1
268.094,302.112,0,1
297.144,295.2,0,1
268.092,302.112,0,1
290.88,331.488,0,1
310.536,315.936,0,1
268.2,303.84,0,1
293.04,326.304,0,1
294.662,331.488,0,1
293.04,326.304,0,1
310.536,315.936,0,1
276.192,319.392,0,1
276.192,319.392,0,1
287.964,295.2,0,1
271.656,300.384,0,1
287.964,295.2,0,1
282.42,321.12,0,1
271.656,300.384,0,1
281.16,296.928,0,1
266.362,312.48,0,1
301.248,293.472,0,1
266.364,312.48,0,1
266.362,312.48,0,1
266.364,312.48,0,1
269.712,317.664,0,1
269.712,317.664,0,1
301.248,293.472,0,1
308.34,322.848,0,1
292.824,326.304,0,1
265.824,307.296,0,1
308.592,322.848,0,1
292.824,326.304,0,1
304.812,298.656,0,1
315.612,309.024,0,1
311.4,305.568,0,1
306.648,300.384,0,1
281.16,296.928,0,1
309.78,319.392,0,1
301.356,293.472,0,1
306.648,300.384,0,1
309.78,319.392,0,1
311.4,305.568,0,1
299.736,326.304,0,1
315.612,309.024,0,1
299.736,326.304,0,1
304.812,298.656,0,1
308.34,303.84,0,1
273.276,298.656,0,1
273.276,298.656,0,1
273.278,298.656,0,1
273.278,298.656,0,1
265.824,307.296,0,1
292.608,326.304,0,1
292.608,326.304,0,1
308.808,322.848,0,1
283.32,322.848,0,1
301.356,293.472,0,1
299.952,326.304,0,1
299.952,326.304,0,1
310.752,315.936,0,1
310.752,315.936,0,1
307.512,302.112,0,1
317.448,312.48,0,1
307.512,302.112,0,1
315.72,309.024,0,1
317.448,312.48,0,1
310.972,317.664,0,1
281.484,296.928,0,1
308.808,322.848,0,1
310.972,317.664,0,1
315.72,309.024,0,1
316.692,310.752,0,1
295.2,331.488,0,1
295.2,331.488,0,1
300.384,326.304,0,1
292.176,326.304,0,1
292.176,326.304,0,1
300.384,326.304,0,1
283.32,322.848,0,1
300.492,326.304,0,1
282.42,321.12,0,1
300.492,326.304,0,1
281.484,296.928,0,1
316.692,310.752,0,1
290.88,331.488,0,1
267.768,303.84,0,1
267.768,303.84,0,1
272.52,298.656,0,1
271.224,300.384,0,1
283.32,296.928,0,1
308.16,303.84,0,1
265.5,296.928,0,1
271.224,300.384,0,1
262.584,314.208,0,1
265.5,296.928,0,1
300.816,326.304,0,1
300.816,326.304,0,1
282.24,296.928,0,1
282.24,296.742,0,1
282.24,296.986,0,1
272.52,298.656,0,1
282.24,296.87,0,1
282.24,297.114,0,1
283.212,296.928,0,1
310.97,315.936,0,1
286.56,293.472,0,1
286.56,293.472,0,1
262.584,314.208,0,1
310.97,315.936,0,1
283.32,296.928,0,1
291.744,326.304,0,1
291.744,326.304,0,1
275.65,319.392,0,1
264.744,296.928,0,1
275.65,319.392,0,1
267.658,303.84,0,1
267.658,303.84,0,1
271.116,300.384,0,1
271.116,300.384,0,1
283.212,296.928,0,1
301.248,326.304,0,1
278.568,321.12,0,1
278.568,321.12,0,1
310.32,319.392,0,1
310.32,319.392,0,1
301.248,326.304,0,1
308.34,303.84,0,1
269.28,317.664,0,1
269.28,317.664,0,1
308.16,321.178,0,1
308.16,321.062,0,1
308.16,321.12,0,1
308.16,321.306,0,1
308.16,320.934,0,1
267.336,302.112,0,1
282.888,296.928,0,1
308.16,321.12,0,1
272.196,298.656,0,1
291.312,326.304,0,1
291.312,326.304,0,1
272.196,298.656,0,1
299.412,296.928,0,1
307.08,300.384,0,1
301.68,326.304,0,1
299.412,296.928,0,1
301.68,326.304,0,1
317.016,310.752,0,1
267.336,302.112,0,1
307.08,300.384,0,1
317.664,312.48,0,1
317.664,312.48,0,1
282.888,322.848,0,1
301.896,326.304,0,1
316.8,307.296,0,1
282.888,296.928,0,1
316.8,307.296,0,1
301.896,326.304,0,1
298.872,295.2,0,1
302.004,326.304,0,1
298.872,295.2,0,1
308.16,303.84,0,1
308.16,303.782,0,1
308.16,304.026,0,1
308.16,303.898,0,1
317.016,310.752,0,1
308.16,303.654,0,1
307.188,300.384,0,1
270.792,300.384,0,1
290.772,326.304,0,1
308.34,321.12,0,1
271.872,298.656,0,1
310.644,319.392,0,1
270.792,300.384,0,1
302.004,326.304,0,1
290.772,326.304,0,1
308.34,321.12,0,1
305.568,298.656,0,1
311.942,305.568,0,1
310.644,319.392,0,1
311.942,305.568,0,1
270.252,315.936,0,1
308.34,321.12,0,1
270.252,315.936,0,1
307.188,300.384,0,1
301.788,293.472,0,1
271.872,298.656,0,1
305.568,298.656,0,1
286.02,295.2,0,1
286.02,295.2,0,1
311.4,317.664,0,1
310.752,319.392,0,1
311.4,317.664,0,1
286.236,293.472,0,1
286.236,293.472,0,1
301.788,293.472,0,1
310.752,319.392,0,1
317.774,312.48,0,1
317.774,312.48,0,1
270.144,315.936,0,1
270.144,315.936,0,1
296.388,331.488,0,1
296.388,331.488,0,1
296.39,331.488,0,1
311.4,315.936,0,1
296.39,331.488,0,1
267.012,302.112,0,1
290.342,326.304,0,1
311.4,315.936,0,1
290.342,326.304,0,1
264.744,296.928,0,1
290.232,326.304,0,1
312.264,314.208,0,1
312.264,314.208,0,1
285.804,324.576,0,1
290.232,326.304,0,1
285.804,324.576,0,1
300.276,296.928,0,1
300.276,296.928,0,1
267.012,302.112,0,1
286.128,293.472,0,1
286.128,293.472,0,1
308.16,302.112,0,1
308.16,302.298,0,1
308.16,302.054,0,1
308.16,301.926,0,1
308.16,302.17,0,1
300.384,296.928,0,1
308.16,302.112,0,1
302.544,326.304,0,1
300.384,296.928,0,1
309.672,322.848,0,1
302.544,326.304,0,1
268.848,317.664,0,1
309.672,322.848,0,1
290.016,326.304,0,1
299.628,295.2,0,1
268.848,317.664,0,1
290.016,326.304,0,1
299.628,295.2,0,1
282.888,322.848,0,1
274.896,319.392,0,1
274.896,319.392,0,1
302.654,326.304,0,1
302.654,326.304,0,1
306.756,324.576,0,1
308.34,322.848,0,1
306.756,324.576,0,1
307.512,300.384,0,1
270.36,300.384,0,1
270.36,300.384,0,1
285.59,324.576,0,1
285.59,324.576,0,1
282.24,322.906,0,1
300.602,296.928,0,1
282.24,322.79,0,1
282.24,322.662,0,1
282.24,322.848,0,1
282.24,323.034,0,1
267.012,303.84,0,1
296.928,331.488,0,1
305.894,298.656,0,1
267.012,303.84,0,1
300.602,296.928,0,1
305.894,298.656,0,1
289.584,326.304,0,1
296.928,331.488,0,1
289.584,326.304,0,1
309.888,322.848,0,1
265.824,305.568,0,1
282.24,296.928,0,1
308.34,302.112,0,1
309.888,322.848,0,1
265.824,305.568,0,1
307.512,300.384,0,1
311.078,319.392,0,1
311.724,317.664,0,1
311.078,319.392,0,1
284.832,295.2,0,1
311.724,317.664,0,1
284.832,295.2,0,1
309.994,322.848,0,1
309.994,322.848,0,1
265.716,305.568,0,1
265.716,305.568,0,1
300.924,296.928,0,1
303.192,326.304,0,1
308.34,302.112,0,1
303.192,326.304,0,1
300.924,296.928,0,1
311.832,315.936,0,1
265.932,310.752,0,1
265.932,310.752,0,1
284.722,295.2,0,1
289.26,326.304,0,1
285.264,324.576,0,1
311.832,315.936,0,1
274.896,295.2,0,1
289.26,326.304,0,1
284.722,295.2,0,1
285.264,324.576,0,1
271.114,298.656,0,1
271.114,298.656,0,1
271.116,298.656,0,1
271.116,298.656,0,1
274.896,295.2,0,1
274.68,295.2,0,1
274.68,295.2,0,1
289.152,326.304,0,1
282.42,296.928,0,1
316.476,309.024,0,1
316.476,309.024,0,1
316.478,309.024,0,1
289.152,326.304,0,1
316.478,309.024,0,1
308.34,302.112,0,1
269.928,300.384,0,1
309.024,321.12,0,1
266.688,303.84,0,1
309.024,321.12,0,1
269.928,300.384,0,1
266.688,303.84,0,1
301.14,296.928,0,1
301.14,296.928,0,1
274.356,319.392,0,1
274.356,319.392,0,1
275.654,295.2,0,1
275.652,295.2,0,1
275.654,295.2,0,1
275.652,295.2,0,1
311.942,315.936,0,1
300.816,295.2,0,1
273.708,295.2,0,1
273.71,295.2,0,1
273.71,295.2,0,1
285.696,293.472,0,1
311.942,315.936,0,1
273.708,295.2,0,1
285.696,293.472,0,1
276.084,295.2,0,1
297.468,331.488,0,1
300.816,295.2,0,1
276.084,295.2,0,1
272.952,295.2,0,1
297.468,331.488,0,1
272.952,295.2,0,1
264.744,307.296,0,1
303.838,326.304,0,1
303.838,326.304,0,1
309.132,303.84,0,1
264.744,307.296,0,1
312.05,317.664,0,1
266.47,303.84,0,1
288.72,326.304,0,1
266.47,303.84,0,1
312.05,317.664,0,1
284.832,324.576,0,1
308.808,302.112,0,1
318.204,312.48,0,1
318.204,312.48,0,1
288.72,326.304,0,1
308.808,302.112,0,1
297.684,331.488,0,1
297.684,331.488,0,1
309.132,303.84,0,1
268.2,317.664,0,1
268.2,317.664,0,1
284.832,324.576,0,1
306.432,298.656,0,1
306.432,298.656,0,1
282.42,296.928,0,1
304.056,326.304,0,1
308.16,300.384,0,1
304.056,326.304,0,1
308.16,300.326,0,1
308.16,300.442,0,1
308.16,300.198,0,1
308.16,300.57,0,1
277.596,295.2,0,1
272.304,295.2,0,1
277.596,295.2,0,1
272.304,295.2,0,1
269.496,300.384,0,1
269.496,300.384,0,1
317.88,310.752,0,1
278.028,295.2,0,1
278.028,295.2,0,1
301.79,296.928,0,1
301.79,296.928,0,1
304.272,326.304,0,1
304.272,326.304,0,1
269.066,315.936,0,1
276.3,321.12,0,1
276.3,321.12,0,1
269.066,315.936,0,1
284.076,295.2,0,1
309.456,321.12,0,1
284.076,295.2,0,1
309.456,321.12,0,1
317.88,310.752,0,1
288.288,326.304,0,1
288.288,326.304,0,1
276.192,321.12,0,1
276.192,321.12,0,1
273.708,319.392,0,1
273.708,319.392,0,1
265.392,310.752,0,1
269.28,300.384,0,1
310.752,322.848,0,1
265.392,310.752,0,1
269.28,300.384,0,1
301.572,295.2,0,1
311.724,319.392,0,1
301.574,295.2,0,1
311.724,319.392,0,1
301.574,295.2,0,1
301.572,295.2,0,1
309.564,321.12,0,1
309.564,321.12,0,1
310.752,322.848,0,1
284.508,324.576,0,1
284.508,324.576,0,1
285.264,293.472,0,1
285.264,293.472,0,1
282.42,296.928,0,1
306.756,298.656,0,1
308.34,322.848,0,1
306.756,298.656,0,1
282.42,322.848,0,1
282.24,322.848,0,1
308.16,324.39,0,1
308.16,324.762,0,1
308.16,324.634,0,1
308.16,324.576,0,1
308.16,324.518,0,1
279.648,295.2,0,1
289.584,331.488,0,1
304.81,326.304,0,1
280.836,322.848,0,1
304.81,326.304,0,1
280.836,322.848,0,1
269.064,300.384,0,1
269.064,300.384,0,1
309.24,302.112,0,1
309.24,302.112,0,1
308.16,300.384,0,1
279.648,295.2,0,1
313.128,305.568,0,1
313.128,305.568,0,1
298.334,331.488,0,1
298.334,331.488,0,1
268.74,315.936,0,1
306.866,298.656,0,1
268.74,315.936,0,1
287.856,326.304,0,1
306.866,298.656,0,1
287.856,326.304,0,1
280.62,322.848,0,1
265.176,310.752,0,1
270.902,295.2,0,1
270.902,295.2,0,1
270.9,295.2,0,1
270.9,295.2,0,1
265.176,310.752,0,1
280.62,322.848,0,1
302.436,296.928,0,1
264.744,312.48,0,1
264.744,312.48,0,1
312.48,317.664,0,1
270.036,298.656,0,1
302.436,296.928,0,1
312.48,317.664,0,1
270.036,298.656,0,1
263.88,309.024,0,1
263.88,309.024,0,1
287.748,326.304,0,1
279.974,295.2,0,1
305.136,326.304,0,1
287.748,326.304,0,1
279.974,295.2,0,1
268.632,315.936,0,1
310.968,322.848,0,1
268.632,315.936,0,1
313.236,305.568,0,1
310.968,322.848,0,1
305.136,326.304,0,1
312.588,315.936,0,1
313.236,305.568,0,1
312.588,315.936,0,1
318.096,310.752,0,1
289.584,331.488,0,1
302.76,293.53,0,1
302.76,293.658,0,1
302.76,293.472,0,1
318.096,310.752,0,1
289.476,331.488,0,1
287.64,326.304,0,1
287.64,326.304,0,1
261.936,314.208,0,1
264.744,305.568,0,1
261.936,314.208,0,1
282.42,322.848,0,1
264.744,305.568,0,1
268.74,300.384,0,1
308.34,300.384,0,1
268.74,300.384,0,1
283.426,295.2,0,1
309.78,303.84,0,1
265.716,303.84,0,1
270.144,295.2,0,1
302.868,293.472,0,1
265.716,303.84,0,1
309.78,303.84,0,1
283.426,295.2,0,1
287.424,326.304,0,1
287.424,326.304,0,1
280.512,295.2,0,1
270.144,295.2,0,1
263.664,309.024,0,1
280.512,295.2,0,1
289.476,331.488,0,1
312.158,319.392,0,1
268.632,300.384,0,1
312.158,319.392,0,1
268.632,300.384,0,1
265.5,302.112,0,1
265.5,302.112,0,1
263.664,309.024,0,1
302.436,295.2,0,1
302.436,295.2,0,1
284.832,293.472,0,1
284.832,293.472,0,1
302.976,296.928,0,1
302.976,296.928,0,1
302.544,295.2,0,1
313.668,314.208,0,1
313.668,314.208,0,1
302.544,295.2,0,1
282.42,322.848,0,1
309.672,302.112,0,1
309.672,302.112,0,1
298.98,331.488,0,1
298.98,331.488,0,1
279.648,322.848,0,1
283.86,324.576,0,1
283.86,324.576,0,1
284.724,293.472,0,1
284.724,293.472,0,1
281.054,295.2,0,1
279.648,322.848,0,1
318.744,312.48,0,1
318.744,312.48,0,1
281.054,295.2,0,1
286.992,326.304,0,1
286.992,326.304,0,1
279.538,322.848,0,1
307.404,298.656,0,1
279.538,322.848,0,1
268.094,315.936,0,1
308.16,324.576,0,1
268.094,315.936,0,1
308.34,300.384,0,1
307.404,298.656,0,1
312.912,317.664,0,1
312.912,317.664,0,1
272.628,319.392,0,1
282.888,295.2,0,1
267.336,317.664,0,1
272.63,319.392,0,1
272.628,319.392,0,1
267.336,317.664,0,1
272.63,319.392,0,1
268.2,300.384,0,1
268.2,300.384,0,1
311.4,322.848,0,1
311.4,322.848,0,1
281.592,295.2,0,1
274.788,321.12,0,1
274.788,321.12,0,1
282.24,295.014,0,1
282.24,295.2,0,1
282.24,295.258,0,1
282.24,295.386,0,1
282.24,295.142,0,1
282.888,295.2,0,1
282.672,295.2,0,1
281.592,295.2,0,1
269.172,295.2,0,1
269.172,295.2,0,1
306.108,326.304,0,1
306.108,326.304,0,1
308.34,324.576,0,1
283.536,324.576,0,1
283.536,324.576,0,1
263.664,296.928,0,1
286.56,326.304,0,1
286.56,326.304,0,1
311.51,322.848,0,1
311.51,322.848,0,1
306.216,326.304,0,1
267.768,315.936,0,1
306.216,326.304,0,1
310.104,302.112,0,1
310.104,302.112,0,1
284.4,293.472,0,1
264.096,312.48,0,1
284.4,293.472,0,1
267.12,317.664,0,1
264.096,312.48,0,1
267.12,317.664,0,1
267.768,315.936,0,1
313.238,315.936,0,1
313.238,315.936,0,1
318.636,307.296,0,1
272.196,319.392,0,1
318.636,307.296,0,1
263.664,296.928,0,1
282.672,295.2,0,1
310.428,303.84,0,1
310.428,303.84,0,1
274.356,321.12,0,1
272.196,319.392,0,1
308.34,300.384,0,1
274.356,321.12,0,1
286.236,326.304,0,1
286.236,326.304,0,1
278.892,322.848,0,1
278.892,322.848,0,1
267.768,300.384,0,1
267.768,300.384,0,1
303.3,295.2,0,1
303.302,295.2,0,1
303.3,295.2,0,1
303.302,295.2,0,1
312.804,319.392,0,1
312.804,319.392,0,1
268.74,298.656,0,1
274.25,321.12,0,1
274.25,321.12,0,1
283.212,324.576,0,1
268.74,298.656,0,1
264.854,303.84,0,1
264.854,303.84,0,1
299.844,331.488,0,1
299.844,331.488,0,1
263.882,305.568,0,1
263.882,305.568,0,1
283.212,324.576,0,1
263.016,309.024,0,1
313.344,317.664,0,1
313.344,317.664,0,1
263.016,309.024,0,1
271.872,319.392,0,1
278.568,322.848,0,1
278.568,322.848,0,1
309.996,324.576,0,1
268.2,295.2,0,1
271.872,319.392,0,1
300.06,331.488,0,1
300.06,331.488,0,1
308.16,298.714,0,1
308.16,298.598,0,1
308.16,298.842,0,1
308.16,298.47,0,1
308.16,298.656,0,1
309.996,324.576,0,1
268.2,295.2,0,1
308.34,324.576,0,1
319.176,312.48,0,1
310.536,302.112,0,1
310.104,324.576,0,1
319.176,312.48,0,1
310.536,302.112,0,1
310.104,324.576,0,1
263.446,296.928,0,1
273.816,321.12,0,1
273.816,321.12,0,1
309.996,300.384,0,1
288.828,331.488,0,1
288.826,331.488,0,1
282.24,295.2,0,1
288.828,331.488,0,1
267.336,300.384,0,1
267.336,300.384,0,1
304.596,296.928,0,1
304.594,296.928,0,1
304.594,296.928,0,1
304.596,296.928,0,1
288.826,331.488,0,1
278.35,322.848,0,1
278.35,322.848,0,1
314.532,314.208,0,1
314.532,314.208,0,1
268.308,298.656,0,1
285.59,326.304,0,1
268.308,298.656,0,1
285.59,326.304,0,1
263.446,296.928,0,1
263.664,312.48,0,1
267.228,315.936,0,1
267.228,300.384,0,1
267.228,300.384,0,1
282.672,324.576,0,1
263.664,312.48,0,1
285.48,326.304,0,1
285.48,326.304,0,1
263.556,305.568,0,1
317.988,309.024,0,1
263.556,305.568,0,1
317.988,309.024,0,1
262.8,309.024,0,1
267.228,315.936,0,1
262.8,309.024,0,1
309.996,300.384,0,1
303.732,293.472,0,1
310.752,302.112,0,1
282.42,295.2,0,1
303.732,293.472,0,1
310.752,302.112,0,1
310.968,303.84,0,1
300.492,331.488,0,1
310.968,303.84,0,1
300.492,331.488,0,1
308.16,298.656,0,1
263.448,305.568,0,1
263.448,305.568,0,1
264.312,303.84,0,1
264.312,303.84,0,1
282.24,324.518,0,1
282.24,324.39,0,1
282.24,324.634,0,1
263.554,312.48,0,1
282.24,324.762,0,1
282.24,324.576,0,1
310.644,324.576,0,1
263.554,312.48,0,1
310.644,324.576,0,1
313.344,319.392,0,1
313.344,319.392,0,1
311.4,321.12,0,1
311.4,321.12,0,1
319.392,312.48,0,1
261.394,314.208,0,1
261.394,314.208,0,1
319.392,312.48,0,1
264.204,303.84,0,1
264.204,303.84,0,1
273.278,321.12,0,1
273.278,321.12,0,1
313.776,317.664,0,1
313.776,317.664,0,1
266.904,300.384,0,1
266.904,300.384,0,1
277.812,322.848,0,1
277.812,322.848,0,1
308.34,324.576,0,1
312.264,322.848,0,1
312.264,322.848,0,1
305.352,296.928,0,1
266.796,300.384,0,1
267.444,295.2,0,1
266.796,300.384,0,1
267.444,295.2,0,1
308.34,298.656,0,1
267.442,295.2,0,1
262.584,309.024,0,1
267.442,295.2,0,1
262.584,309.024,0,1
305.352,296.928,0,1
313.884,317.664,0,1
282.672,324.576,0,1
284.832,326.304,0,1
313.884,317.664,0,1
308.808,298.656,0,1
314.748,305.568,0,1
314.746,305.568,0,1
314.748,305.568,0,1
314.746,305.568,0,1
282.42,295.2,0,1
284.832,326.304,0,1
283.536,293.472,0,1
305.46,296.928,0,1
272.952,321.12,0,1
283.536,293.472,0,1
305.46,296.928,0,1
272.952,321.12,0,1
281.16,324.576,0,1
284.724,326.304,0,1
284.724,326.304,0,1
310.644,300.384,0,1
305.568,296.928,0,1
308.808,298.656,0,1
310.644,300.384,0,1
280.944,324.576,0,1
308.16,326.246,0,1
308.16,326.118,0,1
308.16,326.362,0,1
305.568,296.928,0,1
263.882,303.84,0,1
308.16,326.304,0,1
308.16,326.49,0,1
263.882,303.84,0,1
280.944,324.576,0,1
284.616,326.304,0,1
281.16,324.576,0,1
284.616,326.304,0,1
311.4,324.576,0,1
311.4,324.576,0,1
280.406,324.576,0,1
319.282,307.296,0,1
263.34,310.752,0,1
312.48,322.848,0,1
312.48,322.848,0,1
319.282,307.296,0,1
319.608,312.48,0,1
280.406,324.576,0,1
319.608,312.48,0,1
267.444,298.656,0,1
315.18,314.208,0,1
266.472,300.384,0,1
266.472,300.384,0,1
267.444,298.656,0,1
263.34,310.752,0,1
267.012,295.2,0,1
315.18,314.208,0,1
263.664,302.112,0,1
279.864,324.576,0,1
311.832,321.12,0,1
311.832,321.12,0,1
279.864,324.576,0,1
267.012,295.2,0,1
304.164,293.472,0,1
263.664,302.112,0,1
283.32,293.472,0,1
304.164,293.472,0,1
279.432,324.576,0,1
279.432,324.576,0,1
262.91,305.568,0,1
309.24,298.656,0,1
279.326,324.576,0,1
262.91,305.568,0,1
283.32,293.472,0,1
279.326,324.576,0,1
263.664,303.84,0,1
309.24,298.656,0,1
313.884,319.392,0,1
304.812,295.2,0,1
304.812,295.2,0,1
313.884,319.392,0,1
282.42,295.2,0,1
263.664,303.84,0,1
314.208,317.664,0,1
314.208,317.664,0,1
283.212,293.472,0,1
282.24,324.576,0,1
279,324.576,0,1
279,324.576,0,1
311.4,302.112,0,1
311.4,302.112,0,1
267.12,298.656,0,1
282.42,324.576,0,1
267.12,298.656,0,1
278.784,324.576,0,1
283.212,293.472,0,1
263.016,296.928,0,1
308.34,298.656,0,1
263.016,296.928,0,1
270.684,319.392,0,1
272.412,321.12,0,1
263.446,302.112,0,1
278.784,324.576,0,1
284.184,326.304,0,1
263.446,302.112,0,1
308.808,326.304,0,1
270.684,319.392,0,1
284.184,326.304,0,1
272.412,321.12,0,1
309.564,298.656,0,1
309.564,298.656,0,1
311.51,302.112,0,1
311.508,302.112,0,1
314.532,315.936,0,1
314.532,315.936,0,1
311.51,302.112,0,1
311.508,302.112,0,1
263.448,303.84,0,1
314.1,319.392,0,1
314.1,319.392,0,1
263.448,303.84,0,1
309.672,298.656,0,1
312.156,324.576,0,1
312.156,324.576,0,1
309.672,298.656,0,1
262.584,305.568,0,1
312.264,321.12,0,1
312.264,321.12,0,1
311.724,303.84,0,1
308.16,326.304,0,1
311.726,303.84,0,1
311.726,303.84,0,1
311.724,303.84,0,1
262.584,305.568,0,1
312.262,324.576,0,1
312.262,324.576,0,1
309.24,326.304,0,1
262.908,312.48,0,1
262.908,312.48,0,1
266.796,298.656,0,1
266.796,298.656,0,1
301.788,331.488,0,1
282.42,324.576,0,1
301.788,331.488,0,1
278.352,324.576,0,1
308.808,326.304,0,1
309.348,326.304,0,1
278.352,324.576,0,1
309.24,326.304,0,1
309.888,298.656,0,1
309.888,298.656,0,1
309.348,326.304,0,1
282.888,293.472,0,1
315.504,305.568,0,1
308.34,326.304,0,1
309.672,326.304,0,1
276.408,322.848,0,1
276.408,322.848,0,1
315.504,305.568,0,1
309.672,326.304,0,1
302.004,331.488,0,1
302.004,331.488,0,1
283.752,326.304,0,1
283.752,326.304,0,1
280.08,326.304,0,1
306.326,296.928,0,1
306.324,296.928,0,1
306.324,296.928,0,1
306.326,296.928,0,1
309.888,326.304,0,1
294.336,329.76,0,1
262.26,307.296,0,1
262.26,307.296,0,1
309.888,326.304,0,1
310.104,298.656,0,1
310.104,298.656,0,1
314.64,317.664,0,1
305.568,295.2,0,1
314.64,317.664,0,1
282.888,293.472,0,1
294.12,329.76,0,1
277.92,324.576,0,1
280.188,326.304,0,1
294.878,329.76,0,1
294.876,329.76,0,1
277.92,324.576,0,1
320.038,312.48,0,1
320.038,312.48,0,1
294.878,329.76,0,1
294.876,329.76,0,1
294.336,329.76,0,1
282.42,324.576,0,1
280.08,326.304,0,1
305.568,295.2,0,1
310.104,326.304,0,1
310.104,326.304,0,1
294.12,329.76,0,1
311.724,300.384,0,1
297.252,329.76,0,1
298.872,329.76,0,1
312.804,324.576,0,1
312.804,324.576,0,1
280.188,326.304,0,1
263.016,302.112,0,1
297.252,329.76,0,1
308.34,298.656,0,1
262.692,312.48,0,1
262.692,312.48,0,1
263.016,302.112,0,1
262.584,310.752,0,1
305.676,295.2,0,1
282.24,293.472,0,1
282.24,293.414,0,1
315.936,314.208,0,1
282.24,293.286,0,1
282.24,293.53,0,1
282.24,293.658,0,1
270.144,319.392,0,1
270.144,319.392,0,1
311.724,300.384,0,1
262.584,310.752,0,1
298.872,329.76,0,1
299.088,329.76,0,1
314.964,315.936,0,1
305.676,295.2,0,1
315.936,314.208,0,1
314.964,315.936,0,1
310.536,326.304,0,1
311.832,300.384,0,1
263.016,303.84,0,1
310.536,326.304,0,1
299.088,329.76,0,1
263.016,303.84,0,1
265.392,300.384,0,1
265.392,300.384,0,1
319.066,309.024,0,1
287.856,331.488,0,1
319.066,309.024,0,1
287.856,331.488,0,1
319.824,307.296,0,1
299.198,329.76,0,1
319.824,307.296,0,1
310.752,326.304,0,1
299.198,329.76,0,1
265.716,295.2,0,1
311.832,300.384,0,1
277.488,324.576,0,1
277.488,324.576,0,1
310.752,326.304,0,1
262.474,310.752,0,1
293.578,329.76,0,1
293.58,329.76,0,1
293.578,329.76,0,1
293.58,329.76,0,1
314.856,317.664,0,1
262.474,310.752,0,1
310.536,298.656,0,1
279.648,326.304,0,1
314.856,317.664,0,1
261.72,309.024,0,1
261.72,309.024,0,1
283.32,326.304,0,1
310.536,298.656,0,1
265.716,295.2,0,1
283.32,326.304,0,1
279.648,326.304,0,1
310.972,326.304,0,1
310.972,326.304,0,1
265.176,300.384,0,1
265.176,300.384,0,1
287.748,331.488,0,1
319.932,307.296,0,1
283.212,326.304,0,1
287.748,331.488,0,1
319.932,307.296,0,1
283.212,326.304,0,1
320.256,312.48,0,1
320.256,312.48,0,1
310.752,298.656,0,1
262.044,305.568,0,1
262.8,303.84,0,1
262.8,303.84,0,1
271.44,321.12,0,1
265.608,315.936,0,1
299.736,329.76,0,1
313.45,324.576,0,1
271.44,321.12,0,1
299.736,329.76,0,1
281.16,326.304,0,1
310.752,298.656,0,1
262.044,305.568,0,1
265.608,315.936,0,1
313.45,324.576,0,1
277.056,324.576,0,1
277.056,324.576,0,1
313.02,321.12,0,1
283.104,326.304,0,1
313.02,321.12,0,1
315.936,305.568,0,1
315.936,305.568,0,1
283.104,326.304,0,1
313.56,324.576,0,1
281.268,293.472,0,1
281.376,326.304,0,1
281.16,293.472,0,1
308.34,326.304,0,1
313.56,324.576,0,1
265.392,317.664,0,1
265.392,317.664,0,1
282.888,326.304,0,1
264.962,300.384,0,1
282.24,326.304,0,1
281.16,326.304,0,1
282.24,326.246,0,1
282.24,326.118,0,1
264.962,300.384,0,1
282.24,326.362,0,1
282.24,326.49,0,1
316.262,314.208,0,1
313.128,321.12,0,1
281.592,326.304,0,1
265.5,295.2,0,1
311.4,326.304,0,1
265.5,295.2,0,1
281.16,293.472,0,1
281.268,293.472,0,1
311.4,326.304,0,1
313.128,321.12,0,1
262.366,312.48,0,1
279.216,326.304,0,1
316.262,314.208,0,1
315.076,317.664,0,1
262.584,302.112,0,1
262.366,312.48,0,1
279.756,293.472,0,1
279.216,326.304,0,1
279.756,293.472,0,1
262.584,302.112,0,1
315.076,317.664,0,1
302.866,331.488,0,1
302.866,331.488,0,1
302.868,331.488,0,1
279.216,293.472,0,1
279.216,293.472,0,1
302.868,331.488,0,1
313.56,322.848,0,1
313.56,322.848,0,1
260.748,314.208,0,1
260.748,314.208,0,1
278.136,293.472,0,1
262.584,303.84,0,1
262.584,303.84,0,1
300.278,329.76,0,1
300.278,329.76,0,1
276.624,324.576,0,1
276.624,324.576,0,1
265.392,315.936,0,1
265.392,315.936,0,1
281.376,326.304,0,1
312.48,303.84,0,1
312.48,303.84,0,1
278.136,293.472,0,1
264.744,300.384,0,1
262.474,302.112,0,1
264.744,300.384,0,1
262.474,302.112,0,1
262.474,296.928,0,1
315.504,315.936,0,1
262.474,296.928,0,1
320.472,312.48,0,1
306.324,295.2,0,1
306.326,295.2,0,1
320.472,312.48,0,1
306.324,295.2,0,1
306.326,295.2,0,1
278.892,326.304,0,1
315.504,315.936,0,1
276.408,324.576,0,1
276.408,324.576,0,1
278.892,326.304,0,1
312.48,302.112,0,1
313.346,321.12,0,1
312.48,302.112,0,1
296.712,328.032,0,1
313.346,321.12,0,1
300.816,328.032,0,1
297.792,328.032,0,1
296.172,328.032,0,1
298.332,328.032,0,1
298.332,328.032,0,1
297.792,328.032,0,1
299.628,328.032,0,1
282.888,326.304,0,1
298.872,328.032,0,1
281.592,326.304,0,1
298.872,328.032,0,1
296.712,328.032,0,1
300.924,328.032,0,1
291.96,329.76,0,1
291.96,329.76,0,1
278.784,326.304,0,1
299.628,328.032,0,1
296.172,328.032,0,1
295.308,328.032,0,1
278.784,326.304,0,1
313.776,322.848,0,1
313.776,322.848,0,1
300.816,328.032,0,1
277.38,293.472,0,1
277.378,293.472,0,1
295.308,328.032,0,1
277.38,293.472,0,1
276.192,324.576,0,1
276.192,324.576,0,1
277.378,293.472,0,1
300.924,328.032,0,1
261.288,309.024,0,1
261.288,309.024,0,1
294.66,328.032,0,1
320.254,307.296,0,1
294.66,328.032,0,1
319.608,309.024,0,1
319.608,309.024,0,1
320.254,307.296,0,1
265.068,317.664,0,1
294.12,328.032,0,1
294.12,328.032,0,1
265.068,317.664,0,1
311.4,298.656,0,1
311.4,298.656,0,1
312.59,300.384,0,1
312.588,300.384,0,1
293.796,328.032,0,1
316.368,305.568,0,1
293.796,328.032,0,1
312.588,300.384,0,1
278.568,326.304,0,1
278.568,326.304,0,1
312.59,300.384,0,1
313.884,322.848,0,1
313.884,322.848,0,1
307.404,296.928,0,1
307.404,296.928,0,1
301.574,328.032,0,1
301.572,328.032,0,1
301.572,328.032,0,1
316.368,305.568,0,1
301.574,328.032,0,1
274.788,322.848,0,1
274.788,322.848,0,1
276.732,293.472,0,1
293.148,328.032,0,1
311.508,298.656,0,1
276.732,293.472,0,1
293.148,328.032,0,1
261.828,310.752,0,1
311.51,298.656,0,1
261.828,310.752,0,1
311.508,298.656,0,1
264.312,300.384,0,1
311.51,298.656,0,1
264.312,300.384,0,1
315.396,319.392,0,1
291.312,291.744,0,1
312.48,326.304,0,1
315.396,319.392,0,1
312.48,326.304,0,1
275.76,324.576,0,1
275.76,324.576,0,1
261.504,305.568,0,1
265.068,295.2,0,1
261.504,305.568,0,1
320.148,310.752,0,1
308.34,326.304,0,1
313.992,322.848,0,1
313.992,322.848,0,1
282.24,293.472,0,1
278.352,326.304,0,1
265.068,295.2,0,1
320.148,310.752,0,1
262.152,303.84,0,1
262.152,303.84,0,1
278.352,326.304,0,1
292.392,328.032,0,1
291.312,291.744,0,1
303.624,331.488,0,1
292.392,328.032,0,1
315.504,317.664,0,1
315.504,317.664,0,1
303.624,331.488,0,1
315.83,315.936,0,1
315.83,315.936,0,1
292.07,291.744,0,1
292.068,291.744,0,1
292.068,291.744,0,1
292.07,291.744,0,1
302.436,328.032,0,1
302.436,328.032,0,1
316.8,314.208,0,1
316.8,314.208,0,1
282.42,293.472,0,1
268.956,319.392,0,1
262.044,303.84,0,1
320.472,307.296,0,1
262.044,303.84,0,1
268.956,319.392,0,1
302.652,328.032,0,1
290.774,329.76,0,1
290.774,329.76,0,1
302.652,328.032,0,1
305.568,293.472,0,1
264.852,298.656,0,1
264.854,298.656,0,1
264.852,298.656,0,1
264.854,298.656,0,1
291.314,328.032,0,1
291.314,328.032,0,1
312.912,300.384,0,1
320.472,307.296,0,1
292.932,291.744,0,1
292.932,291.744,0,1
312.912,302.112,0,1
289.8,291.744,0,1
289.8,291.744,0,1
312.912,302.112,0,1
312.914,326.304,0,1
312.912,326.304,0,1
312.912,326.304,0,1
312.914,326.304,0,1
275.328,324.576,0,1
305.568,293.472,0,1
275.328,324.576,0,1
274.356,322.848,0,1
293.148,291.744,0,1
293.148,291.744,0,1
290.988,328.032,0,1
312.912,300.384,0,1
274.356,322.848,0,1
290.988,328.032,0,1
290.88,328.032,0,1
290.88,328.032,0,1
268.848,319.392,0,1
313.02,303.84,0,1
268.848,319.392,0,1
313.02,303.84,0,1
302.004,329.76,0,1
316.908,314.208,0,1
316.908,314.208,0,1
303.84,331.488,0,1
302.004,329.76,0,1
303.84,331.488,0,1
274.25,322.848,0,1
274.25,322.848,0,1
313.128,326.304,0,1
263.884,300.384,0,1
313.128,326.304,0,1
261.936,302.112,0,1
261.936,302.112,0,1
290.342,328.032,0,1
263.884,300.384,0,1
270.252,321.12,0,1
315.72,319.392,0,1
315.72,319.392,0,1
290.342,328.032,0,1
270.252,321.12,0,1
302.22,329.76,0,1
290.016,328.032,0,1
290.232,329.76,0,1
302.22,329.76,0,1
290.232,329.76,0,1
275.22,293.472,0,1
307.08,295.2,0,1
290.016,328.032,0,1
275.22,293.472,0,1
260.856,309.024,0,1
260.856,309.024,0,1
313.344,326.304,0,1
307.08,295.2,0,1
313.344,326.304,0,1
313.992,321.12,0,1
287.966,291.744,0,1
287.966,291.744,0,1
313.992,321.12,0,1
303.732,328.032,0,1
303.732,328.032,0,1
294.984,291.744,0,1
282.24,326.304,0,1
294.984,291.744,0,1
274.896,293.472,0,1
263.664,300.384,0,1
274.896,293.472,0,1
287.424,291.744,0,1
287.424,291.744,0,1
313.56,326.304,0,1
261.72,303.84,0,1
261.72,303.84,0,1
282.42,293.472,0,1
305.786,293.472,0,1
274.68,324.576,0,1
263.664,300.384,0,1
320.146,309.024,0,1
313.56,326.304,0,1
274.68,324.576,0,1
305.786,293.472,0,1
286.776,291.744,0,1
286.886,291.744,0,1
289.694,329.76,0,1
320.146,309.024,0,1
321.01,312.48,0,1
296.064,291.744,0,1
321.01,312.48,0,1
289.694,329.76,0,1
286.886,291.744,0,1
289.584,329.76,0,1
289.368,328.032,0,1
308.16,296.928,0,1
308.16,296.986,0,1
308.16,297.114,0,1
286.776,291.744,0,1
308.16,296.742,0,1
308.16,296.87,0,1
277.488,326.304,0,1
273.816,322.848,0,1
286.56,291.744,0,1
273.816,322.848,0,1
277.488,326.304,0,1
289.368,328.032,0,1
289.584,329.76,0,1
296.064,291.744,0,1
261.286,310.752,0,1
261.286,310.752,0,1
314.208,321.12,0,1
286.56,291.744,0,1
320.256,309.024,0,1
314.208,321.12,0,1
317.234,314.208,0,1
308.16,296.928,0,1
317.234,314.208,0,1
282.42,326.304,0,1
289.368,329.76,0,1
313.344,302.112,0,1
274.248,293.472,0,1
307.404,295.2,0,1
320.256,309.024,0,1
313.344,302.112,0,1
274.248,293.472,0,1
304.81,328.032,0,1
304.812,328.032,0,1
304.812,328.032,0,1
263.448,300.384,0,1
304.81,328.032,0,1
263.448,300.384,0,1
313.884,326.304,0,1
264.096,298.656,0,1
289.368,329.76,0,1
307.404,295.2,0,1
277.272,326.304,0,1
313.884,326.304,0,1
277.272,326.304,0,1
303.084,329.76,0,1
303.084,329.76,0,1
261.18,310.752,0,1
264.096,298.656,0,1
261.18,310.752,0,1
296.39,291.744,0,1
315.396,324.576,0,1
315.396,324.576,0,1
316.368,315.936,0,1
316.368,315.936,0,1
296.39,291.744,0,1
312.48,298.656,0,1
316.044,317.664,0,1
312.48,298.656,0,1
316.044,317.664,0,1
273.708,293.472,0,1
308.34,296.928,0,1
305.568,328.032,0,1
269.606,321.12,0,1
269.606,321.12,0,1
273.708,293.472,0,1
282.42,293.472,0,1
303.408,329.76,0,1
277.056,326.304,0,1
277.056,326.304,0,1
303.408,329.76,0,1
305.568,328.032,0,1
263.232,300.384,0,1
263.232,300.384,0,1
263.88,298.656,0,1
316.154,317.664,0,1
316.154,317.664,0,1
276.948,326.304,0,1
276.948,326.304,0,1
314.208,326.304,0,1
263.88,298.656,0,1
314.208,326.304,0,1
273.278,322.848,0,1
320.472,309.024,0,1
273.278,322.848,0,1
317.126,305.568,0,1
261.828,296.928,0,1
261.828,296.928,0,1
317.124,305.568,0,1
308.34,296.928,0,1
317.126,305.568,0,1
317.124,305.568,0,1
260.424,309.024,0,1
260.424,309.024,0,1
261.394,302.112,0,1
261.394,302.112,0,1
313.668,303.84,0,1
276.84,326.304,0,1
313.668,303.84,0,1
276.84,326.304,0,1
320.472,309.024,0,1
288.18,328.032,0,1
288.18,328.032,0,1
282.42,326.304,0,1
296.928,291.744,0,1
296.928,291.744,0,1
314.534,321.12,0,1
314.534,321.12,0,1
321.336,312.48,0,1
321.336,312.48,0,1
273.816,324.576,0,1
273.816,324.576,0,1
308.34,296.928,0,1
263.664,298.656,0,1
261.18,312.48,0,1
261.18,312.48,0,1
320.796,310.752,0,1
320.796,310.752,0,1
306,328.032,0,1
263.016,300.384,0,1
263.016,300.384,0,1
312.912,298.656,0,1
312.912,298.656,0,1
263.664,298.656,0,1
304.81,331.488,0,1
304.812,331.488,0,1
276.624,326.304,0,1
276.624,326.304,0,1
306,328.032,0,1
304.81,331.488,0,1
304.812,331.488,0,1
306.216,293.472,0,1
313.776,302.112,0,1
272.952,322.848,0,1
306.216,293.472,0,1
313.776,302.112,0,1
260.102,314.208,0,1
272.952,322.848,0,1
260.102,314.208,0,1
273.6,324.576,0,1
273.6,324.576,0,1
308.16,295.258,0,1
260.208,309.024,0,1
308.16,295.386,0,1
308.16,295.014,0,1
308.16,295.142,0,1
313.884,303.84,0,1
260.208,309.024,0,1
308.16,295.2,0,1
313.884,303.84,0,1
260.748,310.752,0,1
260.748,310.752,0,1
306.216,328.032,0,1
306.216,328.032,0,1
313.884,302.112,0,1
269.064,321.12,0,1
269.064,321.12,0,1
313.884,302.112,0,1
315.072,322.848,0,1
315.072,322.848,0,1
316.802,315.936,0,1
316.802,315.936,0,1
314.75,326.304,0,1
314.75,326.304,0,1
313.776,300.384,0,1
313.776,300.384,0,1
317.772,314.208,0,1
297.47,291.744,0,1
317.772,314.208,0,1
306.324,293.472,0,1
306.324,293.472,0,1
297.47,291.744,0,1
309.024,296.928,0,1
306.326,328.032,0,1
306.326,328.032,0,1
309.024,296.928,0,1
262.8,300.384,0,1
262.8,300.384,0,1
304.488,329.818,0,1
304.488,329.946,0,1
304.488,329.76,0,1
304.596,329.76,0,1
282.42,326.304,0,1
271.872,293.472,0,1
286.992,328.032,0,1
276.192,326.304,0,1
276.192,326.304,0,1
316.798,319.392,0,1
316.798,319.392,0,1
286.992,328.032,0,1
271.872,293.472,0,1
313.344,298.656,0,1
313.344,298.656,0,1
316.584,317.664,0,1
316.584,317.664,0,1
284.724,291.744,0,1
284.724,291.744,0,1
263.774,317.664,0,1
263.774,317.664,0,1
260.1,307.296,0,1
259.992,309.024,0,1
260.1,307.296,0,1
259.992,309.024,0,1
262.584,300.384,0,1
262.584,300.384,0,1
313.452,298.656,0,1
313.452,298.656,0,1
298.008,291.744,0,1
298.008,291.744,0,1
263.34,315.936,0,1
275.868,326.304,0,1
260.64,303.84,0,1
275.868,326.304,0,1
260.64,303.84,0,1
314.208,302.112,0,1
314.208,302.112,0,1
321.66,312.48,0,1
321.66,312.48,0,1
263.34,315.936,0,1
286.344,328.032,0,1
260.856,302.112,0,1
260.856,302.112,0,1
259.884,309.024,0,1
308.16,295.2,0,1
309.456,296.928,0,1
309.456,296.928,0,1
286.344,328.032,0,1
275.76,326.304,0,1
275.76,326.304,0,1
268.526,321.12,0,1
259.884,309.024,0,1
260.102,305.568,0,1
268.526,321.12,0,1
260.102,305.568,0,1
315.072,321.12,0,1
315.072,321.12,0,1
314.316,303.84,0,1
314.316,303.84,0,1
305.568,329.76,0,1
315.504,322.848,0,1
317.124,319.392,0,1
317.124,319.392,0,1
315.504,322.848,0,1
307.08,328.032,0,1
305.568,331.488,0,1
307.08,328.032,0,1
271.116,293.472,0,1
271.114,293.472,0,1
271.114,293.472,0,1
271.116,293.472,0,1
305.568,331.488,0,1
263.664,295.2,0,1
263.666,295.2,0,1
263.666,295.2,0,1
263.664,295.2,0,1
305.568,329.76,0,1
313.776,298.656,0,1
286.018,328.032,0,1
313.776,298.656,0,1
260.424,303.84,0,1
260.424,303.84,0,1
286.018,328.032,0,1
317.016,324.576,0,1
283.644,291.744,0,1
321.444,307.296,0,1
315.612,326.304,0,1
315.612,326.304,0,1
321.444,307.296,0,1
308.34,295.2,0,1
307.296,328.032,0,1
317.016,324.576,0,1
263.016,315.936,0,1
286.02,331.488,0,1
286.02,331.488,0,1
307.296,328.032,0,1
262.908,298.656,0,1
262.906,298.656,0,1
262.908,298.656,0,1
262.906,298.656,0,1
283.428,291.744,0,1
268.2,321.12,0,1
317.124,324.576,0,1
268.2,321.12,0,1
263.016,315.936,0,1
275.328,326.304,0,1
275.328,326.304,0,1
309.132,295.2,0,1
260.532,312.48,0,1
262.152,300.384,0,1
260.532,312.48,0,1
262.152,300.384,0,1
279.648,291.744,0,1
317.34,319.392,0,1
317.34,319.392,0,1
317.124,324.576,0,1
309.132,295.2,0,1
309.888,296.928,0,1
309.888,296.928,0,1
279.648,291.744,0,1
268.092,321.12,0,1
268.092,321.12,0,1
317.016,317.664,0,1
317.016,317.664,0,1
259.56,309.024,0,1
271.872,322.848,0,1
271.872,322.848,0,1
266.796,319.392,0,1
266.796,319.392,0,1
314.64,302.112,0,1
314.64,302.112,0,1
280.08,291.744,0,1
280.08,291.744,0,1
299.088,291.744,0,1
299.088,291.744,0,1
278.89,291.744,0,1
278.892,291.744,0,1
278.89,291.744,0,1
278.892,291.744,0,1
285.48,328.032,0,1
285.48,328.032,0,1
259.56,309.024,0,1
280.296,291.744,0,1
280.296,291.744,0,1
299.196,291.744,0,1
280.406,291.744,0,1
280.406,291.744,0,1
299.196,291.744,0,1
262.798,315.936,0,1
261.936,300.384,0,1
314.208,298.656,0,1
285.372,328.032,0,1
314.208,298.656,0,1
285.372,328.032,0,1
261.936,300.384,0,1
262.798,315.936,0,1
317.556,315.936,0,1
317.556,315.936,0,1
299.304,291.744,0,1
314.53,300.384,0,1
299.304,291.744,0,1
314.53,300.384,0,1
274.896,326.304,0,1
274.896,326.304,0,1
283.644,291.744,0,1
315.936,322.848,0,1
315.936,322.848,0,1
259.884,310.752,0,1
306.974,293.472,0,1
277.812,291.744,0,1
306.974,293.472,0,1
277.812,291.744,0,1
259.884,310.752,0,1
306.324,329.76,0,1
306.326,329.76,0,1
306.324,329.76,0,1
306.326,329.76,0,1
270.144,293.472,0,1
270.144,293.472,0,1
287.1,329.76,0,1
287.1,329.76,0,1
260.318,302.112,0,1
260.318,302.112,0,1
310.212,296.928,0,1
310.212,296.928,0,1
316.26,326.304,0,1
316.26,326.304,0,1
259.56,305.568,0,1
314.856,302.112,0,1
263.124,317.664,0,1
263.124,317.664,0,1
281.16,291.744,0,1
317.232,317.664,0,1
317.232,317.664,0,1
314.856,302.112,0,1
281.16,291.744,0,1
259.56,305.568,0,1
285.046,328.032,0,1
308.34,328.032,0,1
285.046,328.032,0,1
282.24,291.744,0,1
282.24,291.802,0,1
282.24,291.93,0,1
282.24,291.558,0,1
309.888,295.2,0,1
282.24,291.686,0,1
309.888,295.2,0,1
281.376,291.744,0,1
315.614,321.12,0,1
315.614,321.12,0,1
269.928,293.472,0,1
261.72,300.384,0,1
261.72,300.384,0,1
283.428,291.744,0,1
308.16,328.032,0,1
269.928,293.472,0,1
281.376,291.744,0,1
308.34,328.032,0,1
259.56,314.208,0,1
308.16,327.974,0,1
308.16,328.09,0,1
308.16,328.032,0,1
308.16,327.846,0,1
308.16,328.218,0,1
282.024,291.744,0,1
267.66,321.12,0,1
267.66,321.12,0,1
272.088,324.576,0,1
314.964,303.84,0,1
314.964,303.84,0,1
272.088,324.576,0,1
276.3,291.744,0,1
276.3,291.744,0,1
308.34,328.032,0,1
316.152,322.848,0,1
316.152,322.848,0,1
259.56,314.208,0,1
274.464,326.304,0,1
295.524,288.288,0,1
274.464,326.304,0,1
310.21,295.2,0,1
308.34,295.2,0,1
310.21,295.2,0,1
314.64,298.656,0,1
314.64,298.656,0,1
275.976,291.744,0,1
295.416,288.288,0,1
275.976,291.744,0,1
317.774,324.576,0,1
259.344,305.568,0,1
317.772,324.576,0,1
317.774,324.576,0,1
317.772,324.576,0,1
259.128,309.024,0,1
295.524,288.288,0,1
295.416,288.288,0,1
275.76,291.744,0,1
318.852,314.208,0,1
275.76,291.744,0,1
318.852,314.208,0,1
284.616,328.032,0,1
284.616,328.032,0,1
259.67,303.84,0,1
315.076,302.112,0,1
317.448,317.664,0,1
259.67,303.84,0,1
317.448,317.664,0,1
315.076,302.112,0,1
259.344,305.568,0,1
310.428,295.2,0,1
317.986,319.392,0,1
310.428,295.2,0,1
317.986,319.392,0,1
294.336,288.288,0,1
267.444,321.12,0,1
267.444,321.12,0,1
282.024,291.744,0,1
294.336,288.288,0,1
321.552,309.024,0,1
321.552,309.024,0,1
315.18,303.84,0,1
259.56,303.84,0,1
315.18,303.84,0,1
259.56,303.84,0,1
294.12,288.288,0,1
294.12,288.288,0,1
318.096,319.392,0,1
316.908,326.304,0,1
316.368,322.848,0,1
259.452,310.752,0,1
316.368,322.848,0,1
316.908,326.304,0,1
318.096,319.392,0,1
259.128,309.024,0,1
258.912,309.024,0,1
259.13,305.568,0,1
294.984,290.016,0,1
259.452,310.752,0,1
262.26,315.936,0,1
295.092,290.016,0,1
286.344,329.76,0,1
262.26,315.936,0,1
295.2,290.016,0,1
308.808,328.032,0,1
284.184,328.032,0,1
258.912,307.296,0,1
294.984,290.016,0,1
284.184,328.032,0,1
286.344,329.76,0,1
295.092,290.016,0,1
307.188,329.76,0,1
308.808,328.032,0,1
319.068,314.208,0,1
319.068,314.208,0,1
307.188,329.76,0,1
295.2,290.016,0,1
318.096,315.936,0,1
318.096,315.936,0,1
310.968,295.2,0,1
273.924,291.744,0,1
273.926,291.744,0,1
294.228,290.016,0,1
294.226,290.016,0,1
273.924,291.744,0,1
273.926,291.744,0,1
294.228,290.016,0,1
294.226,290.016,0,1
246.6,303.84,0,1
315.072,298.656,0,1
262.8,295.2,0,1
259.13,305.568,0,1
315.072,298.656,0,1
315.072,300.384,0,1
315.072,300.384,0,1
262.8,295.2,0,1
269.17,293.472,0,1
269.172,293.472,0,1
269.17,293.472,0,1
269.172,293.472,0,1
282.24,291.744,0,1
246.6,303.84,0,1
306.648,331.488,0,1
310.968,295.2,0,1
246.926,303.84,0,1
273.816,326.304,0,1
283.968,328.032,0,1
283.968,328.032,0,1
246.926,303.84,0,1
306.648,331.488,0,1
273.816,326.304,0,1
246.06,303.84,0,1
247.464,303.84,0,1
247.464,303.84,0,1
307.404,329.76,0,1
258.802,307.296,0,1
246.06,303.84,0,1
293.148,290.016,0,1
293.148,290.016,0,1
322.092,307.296,0,1
300.708,291.744,0,1
307.404,329.76,0,1
322.092,307.296,0,1
258.912,307.296,0,1
273.168,291.744,0,1
259.236,310.752,0,1
258.912,305.568,0,1
271.44,324.576,0,1
247.898,303.84,0,1
271.44,324.576,0,1
300.708,291.744,0,1
247.898,303.84,0,1
273.168,291.744,0,1
321.984,310.752,0,1
309.132,328.032,0,1
309.132,328.032,0,1
295.958,290.016,0,1
317.772,317.664,0,1
295.958,290.016,0,1
295.956,290.016,0,1
317.772,317.664,0,1
295.956,290.016,0,1
307.512,293.472,0,1
245.304,303.84,0,1
245.304,303.84,0,1
283.752,328.032,0,1
321.984,310.752,0,1
283.752,328.032,0,1
307.512,293.472,0,1
259.668,302.112,0,1
272.952,291.744,0,1
259.236,310.752,0,1
248.868,303.84,0,1
248.868,303.84,0,1
272.952,291.744,0,1
259.668,302.112,0,1
309.24,328.032,0,1
309.24,328.032,0,1
300.924,291.744,0,1
296.712,288.288,0,1
262.478,317.664,0,1
282.42,291.744,0,1
244.548,303.84,0,1
259.128,303.84,0,1
244.548,303.84,0,1
300.924,291.744,0,1
262.478,317.664,0,1
291.528,290.016,0,1
291.528,290.016,0,1
272.736,291.744,0,1
315.396,298.656,0,1
315.504,302.112,0,1
316.26,321.12,0,1
316.26,321.12,0,1
315.504,302.112,0,1
315.396,298.656,0,1
308.34,295.2,0,1
265.608,319.392,0,1
258.912,309.024,0,1
265.608,319.392,0,1
296.712,288.288,0,1
317.88,317.664,0,1
272.736,291.744,0,1
317.88,317.664,0,1
258.802,307.296,0,1
249.84,303.84,0,1
259.56,302.112,0,1
268.74,293.472,0,1
249.84,303.84,0,1
262.584,295.2,0,1
268.74,293.472,0,1
262.586,295.2,0,1
259.128,303.84,0,1
292.5,288.288,0,1
262.584,295.2,0,1
262.586,295.2,0,1
292.5,288.288,0,1
315.612,303.84,0,1
258.912,305.568,0,1
315.612,303.84,0,1
283.428,328.032,0,1
250.272,303.84,0,1
316.8,322.848,0,1
315.504,298.656,0,1
259.56,302.112,0,1
283.428,328.032,0,1
250.272,303.84,0,1
316.8,322.848,0,1
315.504,298.656,0,1
258.696,305.568,0,1
262.368,317.664,0,1
262.368,317.664,0,1
258.912,303.84,0,1
283.32,328.032,0,1
266.796,321.12,0,1
311.4,295.2,0,1
266.796,321.12,0,1
311.4,295.2,0,1
243.252,303.84,0,1
297.036,288.288,0,1
243.252,303.84,0,1
283.32,328.032,0,1
318.422,315.936,0,1
292.176,288.288,0,1
318.422,315.936,0,1
292.176,288.288,0,1
318.636,324.576,0,1
318.636,324.576,0,1
297.036,288.288,0,1
283.212,328.032,0,1
282.42,291.744,0,1
317.77,326.304,0,1
251.568,303.84,0,1
317.77,326.304,0,1
289.692,290.016,0,1
289.692,290.016,0,1
283.212,328.032,0,1
289.584,290.016,0,1
289.584,290.016,0,1
308.16,329.818,0,1
309.672,328.032,0,1
308.16,329.946,0,1
309.672,328.032,0,1
308.16,329.702,0,1
308.16,329.574,0,1
308.16,329.76,0,1
251.568,303.84,0,1
259.13,314.208,0,1
315.72,298.656,0,1
315.502,300.384,0,1
315.504,300.384,0,1
251.786,303.84,0,1
289.154,290.016,0,1
315.72,298.656,0,1
315.504,300.384,0,1
315.502,300.384,0,1
242.172,303.84,0,1
242.174,303.84,0,1
289.154,290.016,0,1
242.174,303.84,0,1
242.172,303.84,0,1
241.416,303.84,0,1
260.64,300.384,0,1
260.64,300.384,0,1
251.786,303.84,0,1
