0.000245048
0.000240443
0.00023144
0.000324214
0.000306688
0.000246336
0.000226722
0.000267651
0.000277533
0.000332063
0.000488085
0.000549595
0.000486672
0.000354561
0.000379288
0.000394063
0.000441651
0.000419065
0.000501371
0.000565175
0.000565517
0.000478598
0.000488737
0.000558923
0.000760888
0.000637213
0.000527007
0.000386597
0.000460995
0.000388017
0.000379262
0.000357949
0.0003312
0.000315375
0.000280644
0.000267976
0.000268833
0.000320628
0.000309874
0.000377007
0.000490063
0.000479601
0.000275469
0.000261349
0.000301412
0.000239734
0.000209585
0.000238018
0.000251532
0.000225666
0.000289776
0.000294404
0.000338175
0.000502051
