0.000263897
0.000258939
0.000249244
0.000349153
0.00033028
0.000265284
0.000244163
0.000288239
0.000298881
0.000357606
0.000525629
0.000591872
0.000524108
0.000381835
0.000408464
0.000424376
0.000475624
0.000451301
0.000539938
0.00060865
0.000609018
0.000515414
0.000526333
0.000601917
0.000819417
0.000686229
0.000567546
0.000416336
0.000496455
0.000417865
0.000408436
0.000385484
0.000356677
0.000339634
0.000302232
0.00028859
0.000289513
0.000345292
0.00033371
0.000406008
0.00052776
0.000516493
0.000296659
0.000281453
0.000324598
0.000258174
0.000225708
0.000256327
0.000270881
0.000243025
0.000312067
0.000317051
0.000364189
0.00054067
