0.677527
0.677288
0.677035
0.676725
0.676395
0.67602
0.675523
0.674984
0.674586
0.674257
0.673989
0.673739
0.67349
0.673244
0.672995
0.672718
0.672405
0.672149
0.672167
0.672333
0.672585
0.672992
0.673437
0.67388
0.674346
0.67481
0.675293
0.675808
0.676391
0.677047
0.677813
0.678444
0.678851
0.679201
0.67951
0.679773
0.679996
0.680181
0.680348
0.7
0.7
0.7
0.7
0.7
0.7
0.7
0.7
0.7
0.7
0.7
0.7
0.7
0.7
0.7
0.7
0.7
0.7
0.7
0.7
0.7
0.7
0.7
0.7
0.7
0.7
0.7
0.7
0.7
0.7
0.7
0.7
0.7
0.7
0.7
0.7
0.7
0.7
0.7
